-3.416468293619453478e-01 5.857803345824630359e-02 7.973581773507447401e-02 9.785159902070342253e-02 8.976629760658952351e-02 -2.090459159684323609e+00 -1.148214726067227520e+00
-2.383364540692975778e-02 6.860074447680236664e-01 6.483229509714577565e-01 -2.302950920611018248e-01 -3.574027996746171471e-02 -5.362997821691072031e-02 -1.065734820550971573e+00
1.095710749822912167e+00 7.196374944241701321e-01 -4.650224669963641810e-01 6.912963934963674006e-01 -9.951983060858898833e-03 6.069737729170792129e-01 -2.082190892213539313e-01
8.832994107828725516e-01 1.138820101279495400e+00 -2.561519252334171215e-01 1.619805967084683163e+00 1.974491233538606005e+00 7.593495944176487100e-01 -1.097098017761086952e+00
7.864785273475033422e-01 -2.114884514267639237e-01 3.723893310155839131e+00 4.877936769901169978e-01 -1.480754262598757975e-01 1.663003992046657165e-01 -7.460296715283121216e-01
-2.050206178443889360e-01 3.301367706157349868e-01 -1.159933937065061427e+00 -1.518265656502220118e-01 1.057495006545508431e+00 -8.155198603181753603e-01 3.125757749851511558e-01
-9.788070932637540356e-01 5.889383619034538331e-01 1.926820167785120663e+00 -1.265236920463695125e-01 2.758127367366407512e-01 1.411767241617525759e+00 -3.629110647056479344e-01
-1.218642372558896625e+00 -4.672999205185996985e-01 -4.763533002397837279e-01 -4.564592133612279112e-01 5.237266789614519746e-01 1.442504553178827753e-01 5.453720338853900174e-01
-1.060946479782234553e+00 -7.419091926111537338e-01 -1.586590174822532617e+00 4.205589884126241795e-01 7.902015528608588579e-02 9.683706500590738564e-02 -1.668206088418043409e+00
-9.889320990798389222e-01 -1.392975296183045941e+00 -5.382215589631424990e-01 -9.260362409891228497e-01 -1.192669174076370908e-01 7.000446457705894465e-01 -1.083298578623059116e+00
-7.020946832151132577e-01 4.142817670744751157e-01 -6.357705664546027535e-02 1.050703589244853742e+00 3.048965347930290837e-01 -1.681094961980806324e-01 -3.339831978103655619e-01
4.645708041237227581e-01 1.261577403216443405e-01 -5.629476030821248811e-01 -7.562267066375453206e-01 3.398057943407115089e-01 -3.776333246865269389e-01 -4.074035125374474431e-01
-4.862542191164165861e-01 1.861718804951647543e-01 -8.618522132144754710e-01 5.696332395045833330e-01 -4.833887800177588123e-01 -4.285737374491266349e-02 5.955515743782134885e-01
-2.201008372457694262e-01 1.792569947942864284e+00 -4.385243267579769233e-01 4.065965527576871352e-01 2.135252886136898454e+00 -1.300459000563751522e+00 -6.597157339526704689e-02
-1.580905531311858070e+00 -4.019049467923720975e-01 -2.067993377442464975e-01 3.240596847127469315e-01 1.062755036663760144e+00 3.931366217585852141e-01 -3.297031277711243158e-01
-2.802734134121133369e+00 1.216673483854603166e+00 -3.420695498427333003e-01 1.652221988117008600e+00 2.935146187577939436e-01 -2.349649098609898554e-02 1.405762029212652253e+00
1.933327985034010155e+00 5.573359112545810401e-01 4.950300217074444786e-01 -2.386634113932756929e+00 2.264934089935577155e-01 9.970293462624729708e-01 -7.597911335495218799e-01
5.920335301496024716e-01 -9.655938109520100232e-01 4.956345541428883728e-01 2.255821674460324611e-01 -1.711195932305583645e+00 -4.550452024482353197e-01 -1.001592572396170500e+00
3.041296150473209448e-01 -1.223320761397486134e+00 9.235527149541097325e-01 1.125015039581990672e+00 -1.848144260335869760e+00 -7.863946897597522412e-01 -4.988131239613087242e-01
5.405753541594858769e-01 7.762402912118931964e-01 -1.203223338895112793e+00 3.027795295364291706e-01 -1.179540713179617478e-01 1.199313323948547394e+00 -8.087320018966912549e-01
-4.264584396211175132e-01 -9.289343041849040805e-01 -1.320234230150189481e+00 5.048121715528938180e-01 -7.506275569646422285e-01 -2.945207999918611486e-01 -4.499271668569264637e-01
1.159477428744045246e+00 1.136187865538874853e+00 1.170648512718123424e+00 -2.631673641970381783e-01 4.606807153022653423e-01 -1.607292696800270759e+00 2.389424716778107138e-01
-9.541560349452135048e-01 -1.324600720834266943e+00 1.281941809105097314e-02 4.585540503573285465e-01 -1.972274670498719296e-01 1.236083709392467034e+00 -3.870810424479510514e-01
-6.182850112336265580e-01 1.115481632970915848e+00 3.063876532327916014e-01 -3.609351864905486762e-01 -7.840375668794876685e-01 -2.356915425718330570e-01 2.173457639153561771e-01
-1.064142247599151880e-01 5.784521861487118555e-01 8.097123162867232438e-01 1.313966465937911055e-01 7.793328555670674396e-01 -1.272316790628441607e+00 1.300728910543001160e-01
-1.053169054806250227e+00 7.455363252153638376e-01 -3.692347968306299300e-01 1.086409148616551024e+00 5.739067910727241317e-01 -1.243543173087491960e+00 -6.240884251867189203e-01
-3.617699932601782242e-01 -1.842443597758882223e+00 -7.807972311366982998e-01 -3.683516052462371682e-01 1.510911019924255028e+00 6.469564379020979750e-02 -1.122734932367443150e+00
2.378275885428118297e-01 1.788574575090622343e+00 9.200369989645799940e-02 -1.163923562737577244e+00 -3.486780173928281934e-02 -2.401966946839891315e-01 -4.048801707608695732e-02
3.077788919458919747e-01 2.857649969390645417e-01 -1.619806622651268069e-01 1.376203552262878160e+00 4.461590610734029738e-01 4.888221312988760836e-01 -4.982450825802430261e-01
-4.950759965922911232e-01 8.714707113098748570e-01 6.264467752277923240e-03 9.166732855257317403e-02 1.338547317508806955e+00 1.078595461661535637e+00 -9.378446868382901425e-01
2.178795726255344345e+00 -8.633851615291709969e-01 5.510469043694696811e-01 -2.598945413910828339e+00 -5.777070728520599108e-01 4.310848000436454108e-01 -5.116907480552765897e-01
2.361606932140357440e+00 -9.977401346912403435e-01 -6.762181136234362011e-01 -7.086298535151265565e-02 1.315216343594723947e+00 1.098700338570423707e+00 9.727769251103866033e-01
-7.229229190611325961e-01 -4.326577065684554246e-01 1.714208383919518242e-01 2.518355117130022247e-01 -5.634226024708264280e-01 1.604920230815497950e+00 -8.610469177953913311e-01
-1.153412276316360563e+00 -3.978271260335997095e-01 1.091800949474691418e+00 -9.013313045226022391e-01 -2.604438272852188097e-01 -3.001772916430442972e-01 -1.292613891049015029e+00
7.615583099636267228e-01 -4.191402491834709254e-01 3.486652983786164839e-01 3.807911518703983866e-02 2.712519881592803661e-01 -2.780640658639815244e-01 1.451258941699477556e-01
1.500073994872737071e+00 2.786585534614306470e-01 -8.418225483776359264e-01 1.891901836152748428e-01 1.040030174761989334e+00 -2.337944388608170498e-01 7.058427023408617718e-01
-1.078815961255951361e+00 -2.453833056646152588e+00 5.558539658594242872e-02 1.878038568875978198e-01 2.008728213189065748e-01 -4.854738959759855588e-01 2.271419518416315952e+00
-4.266581773111988163e-01 1.453640008854458487e-01 -4.294820494737739414e-01 -1.977701356017214918e-01 1.812020878476408581e-01 4.123291276587791598e-01 -7.632952824884104981e-01
-3.981694984202937548e-01 1.992202211167523496e+00 1.079943388362366585e+00 1.494221123953417107e+00 9.664215114669333362e-01 6.756933024258017229e-01 -2.622291048112939532e-02
-1.653629267660821522e+00 -1.881756619768052141e-01 3.771255203781266330e-01 -1.708651902872204476e+00 1.708080618751339985e+00 -8.224355532001951241e-01 5.123439743893959397e-01
1.359281953007696719e+00 -1.108662369100202438e+00 3.960548654895064691e-01 -1.535216476839008415e+00 6.752792650084278314e-01 -6.911837313977051145e-02 1.046072124461077668e-01
-5.548189026872416552e-01 -1.970363575014984214e-01 8.961947822879100523e-01 2.156202778510281359e-01 -5.530722115876242073e-01 1.000647393328010226e+00 6.135960934933344380e-01
1.319444557450727640e+00 -1.224358014199764810e-01 1.805632187437581360e+00 2.340554599106891009e-01 1.362093133964093594e+00 -1.251400282957309540e-01 -6.181962251183507062e-01
1.782589066240772291e-01 -6.229251792780862163e-01 4.370302541528151563e-01 -6.780350057780212270e-01 -3.890580701344710235e-01 6.408548648306633400e-01 2.863936426504804511e-01
3.866158888341052480e-01 1.580792124352312922e-01 5.588620036196899343e-02 -2.121898732683558941e-01 2.982938165072815395e-01 2.639222415546543132e+00 2.095011341519306569e+00
-1.056843577413351332e+00 -1.478081511015509608e-01 7.364910086363606334e-01 1.309240761873284420e+00 -9.005991562284542118e-01 3.950633280154112418e-04 1.047440374201921848e-01
2.684571485596746188e-01 1.001292034013647303e+00 2.833821516714570277e-01 -6.338780869096155568e-01 -1.123902755984399343e-01 1.013169875920989366e-01 5.525713547241968282e-01
1.592792491469763316e+00 1.918871920230153405e+00 4.799280056772374237e-01 1.707783174956344630e-01 1.627877138437401061e-01 3.543761548632315961e-01 -1.409904569559142562e+00
-6.584859248157427791e-02 5.738273420511273981e-01 3.239245058864775317e-01 -6.070413873586766318e-01 9.302337479389306829e-02 5.287988925573423593e-01 6.624674329952474627e-01
-3.190979562351570209e-01 -1.737439017836599042e+00 -3.328598722055046699e-01 -6.849208481791907444e-01 8.318477029839852488e-01 3.986751835898095786e-01 -6.804783789862421939e-01
-3.937991205195180422e-01 -7.544635100216275925e-01 1.175200196890245685e+00 -1.121769841596790829e-01 -8.539236886430096041e-01 1.793536926856585723e+00 -1.444996507681181042e+00
-6.977339898340660929e-01 1.300744622683787766e+00 9.136904222936818032e-01 2.328213014105482703e-01 -1.076273089132303129e+00 9.485632994664010553e-01 1.052871445720530430e-01
7.606443139680076904e-01 2.370661516636292376e-01 -9.366205886028519112e-01 7.051687962093325934e-01 -6.754540382323810377e-01 1.282582864282455493e+00 8.767088201472245101e-02
2.039655791039252986e+00 -6.971545681135893346e-01 3.585370959127495705e-01 5.963779718445119116e-01 -2.175701611540823421e+00 6.754944431826757079e-01 -2.550297971370899308e+00
-4.740058136156510837e-01 -1.109970148279314728e+00 1.347856906339333083e+00 9.876638774691518519e-01 -1.974149799236880887e-01 7.373202318669842548e-01 6.493035333080970917e-01
-1.161877998189521088e-01 5.057629205074273271e-01 1.763837665718882841e-01 1.405764500556999641e+00 -3.723973400508069354e-01 -2.759600484811971718e-02 4.835477082833096185e-01
1.054599609458621717e-01 7.238400400876456864e-01 -2.294223402270098688e+00 1.013311321267821086e+00 6.614538961802407524e-02 1.273009239482999488e+00 1.359669735042522198e+00
1.001404975786533980e-01 -4.750318933214064954e-01 -1.784960880033922503e+00 1.488644469856565733e+00 -1.469512991071282748e+00 -2.636232685719100410e-01 -1.609365735895222915e+00
1.821636259563151339e-01 1.792585681545589837e-01 1.613382506310172548e+00 9.488256567122171957e-04 5.277664334296914284e-01 -3.885482867564169496e-01 1.560311276238262324e-01
-1.189550803026869774e+00 1.781917670018682842e-01 6.026348416191468216e-01 -1.359830559263475180e-01 1.287272251207060458e+00 -1.521801148529611236e+00 1.420975655411649052e+00
6.543878089156947020e-01 -3.934783329249124662e-01 3.292365231407153314e-01 -1.348970733448273007e+00 1.274205578813222273e-01 -3.017103464382524525e-01 1.651480807301839215e+00
1.265076732993811459e-01 -4.800089010104504061e-01 -1.978210544707187157e+00 5.044378726603445662e-01 -2.345968932222950165e-01 4.306226499531906615e-01 -9.819750203009949274e-01
1.652211990528630547e+00 -2.638987400518018500e+00 -1.293180912069870070e+00 -6.145287224885912503e-01 -4.923538449090149594e-01 3.766482122950613465e-01 1.955282516862553388e+00
-1.640653892403772574e+00 5.758000974496114699e-01 1.273007332651114654e+00 -1.201618313069294647e-01 -1.369217521659511050e+00 -3.245451579899468753e-01 1.615337878957029405e+00
2.783619969976857678e-01 -1.322934021200991017e+00 -1.477504242190217365e+00 3.958748402837699576e-01 -3.284791457047575025e-01 -2.924059761388606127e+00 -1.002873640992370669e-01
-6.703529714885647639e-01 -1.373739246155732396e-01 8.240008109096426114e-01 -7.205437636452982630e-01 3.016826126150987109e-02 7.491481989741637371e-01 6.213082973728676350e-01
8.063313585260428740e-01 -5.372111354939144157e-01 1.537049945046716770e+00 8.089304194691651073e-01 -5.357610454137864409e-01 1.948169559180896737e-01 1.317488918602152781e+00
-8.012939627358044437e-01 -1.206199006533983153e+00 1.267075033101439319e+00 3.574332518361421629e-01 -4.001391228321193871e-01 -1.049887586281754714e-01 -3.899149378170259639e-01
2.153255145742984045e+00 3.803876514575497136e-01 8.319342029768540814e-02 2.922253608134475766e-01 7.356475712417172019e-01 -3.759262760377646978e-02 1.074740568123275564e+00
1.911961195963002291e-01 -1.203081989951972020e+00 -2.539746179760207778e-02 1.872661061699607998e+00 -1.295528728417786990e+00 4.605810996003099900e-02 2.271895288897878562e-01
9.468931967311562392e-01 -3.589011645936774353e-01 -6.211468474317549671e-01 7.675940899076741375e-02 -1.007161606770978768e+00 -1.227273870667839661e+00 1.765380608203980906e+00
1.216700861146211121e+00 1.785273851372158438e+00 -7.098051659316063633e-01 -1.246447291700490290e+00 3.112873999181605678e-01 -2.690628821600454246e-01 1.080168228286854548e+00
2.453500913035265851e-01 -2.377570217054245649e+00 3.497771172721799715e-01 9.365877380157817678e-01 1.782705250747508297e+00 -1.703905426291950853e+00 2.968940498210898560e-01
-1.349869593431530346e+00 2.076841742001982016e+00 1.227111099028751928e+00 3.670600604917295118e-01 6.076888108869710203e-01 1.068838229703864967e-01 -5.063940452747308640e-01
5.873094814089937499e-01 -5.057144614731435839e-01 1.264390884027763784e+00 -4.657156829328198966e-01 9.515103298351515471e-02 -2.469971644917888565e+00 -1.822419533692057891e-01
1.074326546685542949e+00 -6.423265593770772774e-01 1.274167507740018079e+00 -1.827502930464654618e+00 1.786391441747335218e+00 -3.490724067733690372e-01 -5.335637614575788890e-01
-7.772112811019379341e-01 -8.739465661251875073e-01 1.290450704590426101e+00 -1.794972663087872067e-01 -3.581228220951808705e-01 -1.301574893764201990e+00 -9.158687607622606475e-01
-7.456527567390245359e-01 2.268781226160506981e-01 2.956686943270244727e-01 -8.357582615489489442e-02 3.998589649214839281e-01 -1.044379116931321017e+00 8.101638730402330735e-01
-1.453216535778753364e-02 6.393261511230682315e-01 1.181740991151442488e+00 -9.426091405694313197e-02 9.121366554700596208e-01 8.649853073097961698e-01 -5.967602060927327257e-01
-8.170479276646008815e-01 -3.401572032412851221e-01 -1.413017749381663135e-01 1.672515189747734166e+00 2.289764492212974289e+00 1.235671806073642687e-01 -1.559678644258539193e-01
-8.447871751484480329e-01 4.205825616008830869e-01 -1.195811737153010368e+00 1.503546618193102591e-01 2.226219724523060162e+00 -3.319680724704011099e-01 1.860591596355205546e+00
4.708844570224691717e-01 1.626203931992873608e+00 -1.577531466032809693e+00 -1.938881628130186385e+00 9.780907162206994299e-01 4.309240432477418753e-02 2.307614354914880594e-01
7.864684313995042864e-01 2.071219565216151359e+00 -1.186854043339862885e+00 1.322315771205351265e-01 -1.276493991238205616e+00 4.513081444498229788e-01 -1.725230455816409103e+00
-1.283072886547409919e+00 7.156321998132751938e-01 -8.342990359063305883e-01 -2.265258639373474381e+00 5.918853265933408103e-01 1.950428742742913890e+00 1.059865640793585584e+00
-8.338025537543500842e-01 7.298189853766333668e-01 -1.197418695305162206e+00 -8.232327107603537586e-01 -4.745231561925586372e-01 6.368116740152319766e-01 7.710675799475920078e-01
1.757283801526354772e-01 -8.732788597124300223e-01 5.986625205851349163e-01 5.196646176718051902e-02 -1.712463756758402234e+00 5.268456484278315199e-02 1.075400261450929040e+00
1.373224288542053417e-01 1.701968290436433884e-01 1.984800546743215599e-01 -1.803074430505509973e+00 -5.286029858457095276e-01 4.076037295262723292e-01 1.364504931866793225e+00
2.559931276569967218e-01 9.899972999710985322e-01 -8.308001520983453181e-02 -9.270308420446291553e-01 -6.034328453493148503e-01 -3.424062173683566912e-01 -5.274659117099792516e-01
9.251779538245593626e-01 7.998434706040264963e-01 -3.296731021202964351e-01 -1.979295354972748777e-02 1.004073490927880202e-01 -5.755836565922280990e-01 4.555218030625147740e-01
6.448715807729160643e-01 -8.701759990127371225e-01 -1.636612264606514655e+00 -9.943347113768070678e-01 3.604909824903712590e-01 -6.960178905768134028e-01 -9.578314694078475799e-01
1.457677953845369460e-02 2.969614695657972758e-01 1.165291132061033741e+00 -3.282964407500027493e-01 -9.382639200927719858e-02 8.037457038834600054e-01 -1.903923903327231770e-01
1.183792615029765349e-01 4.241154357019121246e-01 -9.615977504107934282e-01 -1.282198209546040690e+00 -4.303837455896341035e-01 -7.145279708308042987e-02 1.213057988146309496e+00
3.526532044754885908e-01 -4.580532682918291854e-01 7.250293438119870260e-01 -2.043620231885324046e+00 1.673337554195893639e-01 1.079044251484811090e+00 -1.560199523619807849e+00
-1.175501566632313200e-01 -4.637927259889431664e-01 -3.531351284001711388e-01 1.480751552539014415e-01 4.329275522621379713e-01 2.007745291457261771e+00 -1.134971650962450562e+00
1.385885136420879737e+00 -3.001608309876947489e-01 -1.949982314640480441e+00 -1.471288500039215519e+00 3.475263382399544354e-01 2.547665083093216820e-01 3.968502855246670014e-01
5.966024725769395465e-01 -5.969696118765139836e-01 -6.452889496069430519e-01 -1.361999279313531819e+00 -7.983148115168129388e-01 -1.073914547895470258e-02 -1.964832410113533656e-01
-1.724770301841972997e-01 -1.368999842797548272e+00 -2.391486341287061279e-01 -9.833705708058222417e-01 -1.797217302427448274e-02 -2.519265620734684408e+00 4.675512132568913626e-01
-4.016301339293711914e-01 -6.162365023761589011e-01 -7.511292359687324893e-01 2.576174159916868156e+00 -7.810465637271677419e-01 -3.961706804745453864e-02 -1.342742207643970787e+00
-2.104398019752513338e-01 4.814365287007230654e-01 -1.169467869321745734e+00 -3.343525448006939293e-01 2.376176063036825603e+00 1.081613757711699098e+00 3.080900751439879515e-01
1.392047805144644101e+00 3.102777435051464749e-01 4.450392272902539692e-01 9.806197395353630775e-01 -1.231207224289622704e-01 5.297170416710612617e-01 -2.349122952474573256e-01
1.411029069684554660e+00 -1.776762179265408692e+00 1.208933515424451821e+00 -1.422851225483529269e+00 -1.801855248675224841e+00 -4.276819059547828927e-02 6.902518369250907337e-01
-2.389156733881792616e-01 -1.617400970751300959e-01 -1.505655132432203391e+00 1.385080284774848236e+00 3.036006274997942178e-01 2.193586804901394016e-01 -1.138637988317119154e+00
1.594561972522214210e+00 3.559914377946811759e-01 1.602895634790511281e-01 4.747473617187334405e-01 1.803669751030087809e-01 2.919367662696577548e-01 1.084035577326965205e+00
7.078494595676481094e-01 -1.481965939170556967e-01 4.255870196101430025e-01 -7.873168486871813254e-01 3.043461350108137564e-01 -1.689543294712002153e+00 -1.885077908997893958e+00
-6.772519828797862740e-01 7.421201251292864898e-01 -1.272519439908486594e-01 -7.512218381921795807e-01 4.407819954609488999e-02 -1.027250387387599551e+00 1.166128504447690173e-01
-9.556133177220131891e-01 -2.865970435267595762e-01 2.868346497763558656e-01 1.690859943315778935e+00 -5.035658999695727944e-01 1.038392593766310323e+00 1.212419989623888084e+00
-1.026115566777503929e+00 -3.716099237777029662e-01 1.503866375154587209e-01 7.895895679775375431e-01 -1.105548509090313880e+00 1.654221645395424767e-01 -4.525917447073178335e-01
-1.422034638770129700e+00 8.355192388314670593e-01 -5.325195697367386405e-01 -2.069657997946897920e-01 -1.515238292950312537e+00 -1.431545342829223300e+00 -9.096020153526090946e-02
-2.918194050146063478e-01 1.830951264035549642e+00 -2.039914436863286884e+00 -8.799567444407313532e-01 9.553333576308546959e-01 -1.331557686421742659e+00 9.869623475026547688e-01
-4.756455472399958029e-01 -7.355972219081864383e-01 7.806824249724005904e-01 7.815230606445029427e-01 5.879349886026363770e-01 -5.427381581416358403e-01 1.527452504250403020e+00
-1.595077650315558593e+00 3.273351435831933220e-01 -4.637596667132130590e-01 6.283492368619451041e-01 5.396978475862902053e-02 -1.115197615173984386e-01 7.950531689463405938e-01
6.280407493226531912e-01 4.632974481023621749e-01 6.073870598246015051e-01 6.355955117537434584e-02 1.036182586109700043e+00 -2.691383725764778245e-01 1.680761182935430753e+00
-1.610779943409456294e+00 -3.626915433675546030e-01 8.680724954140117688e-01 4.457935677193054502e-01 -9.038245336887599235e-01 6.686867846853925546e-01 -2.149909251147264833e+00
-1.333662676163151206e-01 -8.522157861132881873e-01 -9.770238419936742025e-01 4.621358760389577408e-02 -1.274148840040083552e+00 -3.074442001232531863e-01 -6.457400790944591018e-02
1.239144767970626448e+00 -4.525760347892801017e-01 1.494665731038962164e+00 4.769193651820639590e-01 2.753089837815733798e+00 9.521935779827347401e-01 -2.606658694224566197e-01
5.149707461728424418e-01 3.465296726042756958e-01 1.453354710143277828e-01 -1.324457772018620139e+00 -7.461544905404151606e-01 2.172769842503134541e+00 -7.866967295478386468e-01
-1.349527192178051838e+00 1.542399142382029353e+00 -3.673606005559179599e-01 7.234376683770172255e-03 -9.040029162928290285e-01 -1.207646502016291867e+00 -1.766765177803708120e+00
-1.038601461486062361e+00 -1.200323318933000483e+00 -1.024493909205812930e-01 1.324371968529561183e+00 9.985356625367088901e-01 -1.055187112811605404e-01 -5.719118807679609562e-01
-1.467008905370655647e+00 -1.389780774330848345e+00 7.398206208132166450e-01 6.177404461213341635e-01 -4.950165700120289225e-01 -2.907212187085651545e-01 -3.607431644450377339e-01
2.143790175073208015e+00 -4.471864586929830687e-01 1.792265605451307753e+00 -1.739409238091040644e+00 6.853371271890988936e-01 -4.551913731806135344e-01 4.602321355681306958e-01
1.028266461233402040e+00 -6.922138134664306275e-01 -2.994915882510662541e-01 1.015608207891998349e+00 3.098553441415918472e-02 -8.060045520510268346e-01 5.514535657985007028e-02
-1.374022319227765840e-02 1.317049159719954794e-02 -5.534385729596765779e-01 -1.205241592173955240e-01 2.626754591321265805e-02 -6.639328536837240113e-01 3.371032742957271178e-01
3.022129137724732795e-01 -8.675631215431406362e-01 -2.464809464767712677e-01 1.851731078249413187e+00 -7.092508965550247124e-01 1.844051590821028430e+00 -7.446765363873631971e-01
2.265448486513508275e-01 7.030127572117520485e-01 -2.099155058282735353e-01 1.676636683060020117e+00 -1.002006829698079082e+00 -1.267591340074953297e-02 -1.270773274043448309e+00
1.376617260536534770e+00 -1.122247193591789038e+00 -4.733148700790210661e-01 -1.041201535481648538e-01 -5.314013371744344960e-01 -7.250953500480952219e-01 -3.095469028827646518e-01
1.305584198107546223e+00 -1.297136672605716745e+00 5.936705870681562025e-03 -1.113537002846404000e+00 -6.802566714608274667e-01 -1.594298926263966631e+00 -7.599399890569319416e-02
-1.111815047139980583e+00 -1.128580289741447418e+00 -1.355403516720081303e+00 -1.813492215860760259e+00 1.387337296570633649e+00 6.559461462413216370e-01 -9.826779349337733116e-01
-1.297565915347724586e+00 -5.581015756793760163e-01 -3.649875310676077844e-01 4.819181397262985445e-01 6.456626186907163945e-01 -2.794532282487474095e+00 -1.382848764880478365e+00
4.450076525661939009e-01 -4.629212955376493105e-02 2.122500019790748205e+00 -6.476175708344004134e-01 3.435131678602892369e-01 5.432558569676232407e-01 7.477930410928950167e-01
-3.035665581298448990e-01 -4.929562397159463760e-01 5.647651038225676157e-01 3.973992121657494159e-01 9.974851592299587705e-03 -1.315811137780599216e+00 -4.272810009502365780e-01
2.947249653854491225e-01 -9.926222823278533225e-01 -1.409360304362800465e+00 4.016933850312866261e-02 1.671981587473261532e+00 1.051326898005927185e-01 2.229966550591527819e-01
-3.424056595527817937e+00 -1.220324482097411734e+00 -5.959420703251459006e-01 -4.262699067575781431e-01 4.921817644347768056e-03 -1.576543757539291546e+00 5.997658909752070500e-01
9.233631904747904295e-01 -7.435766126871719006e-01 -8.359286569405607326e-01 6.327966324677688492e-01 2.178958094659259714e+00 2.420161286428840874e+00 -2.357029728602558993e+00
-1.597569268892312933e-01 -6.712958722672587308e-01 -3.027348170113601800e-01 -8.009471326919318512e-01 -9.596749847094085961e-01 -5.156263759033447025e-01 -2.319618132783935263e-02
7.984164108618337918e-01 2.097335274562892038e-01 -1.044998922579678302e+00 -1.284470431212383912e-01 -4.123659322282194339e-01 1.268303454840066236e+00 -1.103744572209293784e+00
-2.156100454593124216e-01 3.641034947851722325e-01 -5.291847939134987078e-01 6.772534691098650583e-01 6.850897347968756268e-01 -1.613800856314075327e+00 -8.078384461246279624e-01
-1.050511464209059165e+00 -3.086444674797182985e-01 1.126829762303384053e+00 -2.757809373123912278e-01 -4.010478770231051815e-01 -1.029422571787104390e+00 3.828018106045836810e-01
-9.558475026737479618e-01 1.215854537456514839e+00 -1.373194091179412490e+00 4.586015228581565850e-01 1.571866766497632906e+00 -4.837732320114122020e-01 1.710160348668516406e+00
-2.872954331702066155e-01 4.896447812243482911e-01 -4.012734556820626852e-01 -7.140657859802448382e-01 4.412986142489297992e-01 -9.471173166454559533e-01 -1.571796177857617716e+00
2.690319088001034697e-01 -7.464069858389901224e-01 1.186986655890270859e-01 7.205260797448226340e-01 -4.162175946610539579e-01 -8.278862720656114949e-01 -8.297243479723055426e-01
-6.670708090876806828e-01 1.987211411382993953e+00 -5.982311752045247344e-01 6.392853527881806608e-01 -3.487875452138047283e-01 1.034394656255291256e+00 1.527757635007729542e+00
9.347925875387920192e-01 9.846521271669393949e-01 -1.243045300638678241e-01 2.191238884817269528e-01 4.153642928850074245e-01 2.046168624659524760e+00 6.044594928498748798e-01
-1.405078106617597966e-01 8.467484871811090663e-01 2.029857296325693339e-02 -9.861192509450799060e-01 -2.514661512266366472e+00 9.215152227823263376e-01 5.948002235964394702e-01
-1.192330198220294513e+00 -3.559094828607826666e-01 -6.524710082279487899e-01 -1.224447847456504812e+00 -1.203711130652558969e+00 -2.757590127370072697e+00 6.645810489285054468e-01
-8.978294499084985558e-01 4.324017155485611053e-01 -3.419538846840168289e-01 1.112993327239844232e+00 -3.223500386291268782e+00 3.471507465414778171e-01 4.915940097464126524e-01
-2.406399890905748518e-01 -5.688944403618366730e-01 -1.562069389354355797e-01 1.776694782963094688e-01 -7.179865523237072278e-01 -2.153599736948883792e-01 7.953015954913844610e-02
-1.025838597739511471e+00 1.262069504245205254e+00 -7.078279471261212930e-01 -1.492371537662372738e+00 -2.084457900336337488e+00 -1.986280957752581122e-01 7.566535889804679171e-02
-4.798401472565214654e-01 -2.804278713202896789e-01 1.306904073244611109e+00 -5.284690279205079833e-01 5.869042025623083525e-01 1.652733229937635384e+00 7.479817435637236001e-01
4.028164999640183874e-02 5.976555376638841011e-02 -6.659409846745468764e-01 1.020815936241945110e+00 -3.710863195300011519e-01 -2.107044538160426583e+00 3.513079647106233105e-01
1.102894340824136649e-01 -1.706231421481972932e+00 2.577539296246663669e-01 -9.972813807783103002e-01 -2.175263185088628148e+00 1.229824536370011989e+00 2.612983856573324326e-01
6.255793530589713602e-02 -6.483341055863068858e-01 -1.654153125939655522e-01 -1.061256282365391934e+00 9.813194031811176554e-01 -1.482597204429974669e+00 -3.302230533225735676e-01
4.776910287304356739e-01 1.864368475398313352e-01 1.118598522921443461e-01 -1.293379460717932750e+00 -2.085230213694620749e-02 1.277861705929415059e-01 -1.620262250247350017e-02
1.204232326737805669e+00 -8.101440757100186740e-01 3.834117354699482227e-01 -8.796352245786609458e-02 -1.064037977620652109e+00 8.310936474837821164e-01 -1.329027869192579703e-01
4.451488436465415033e-01 -1.548830992379261196e-01 -7.179967723162654636e-01 7.305963189424152793e-02 -3.654179339588906616e-01 -1.211731143117395215e-01 -8.830571119339062358e-01
-7.748966287163313593e-01 3.913307224675680596e-01 -4.517521939763072814e-01 -2.023690041956683339e-01 7.786577478651370843e-01 1.540683313806921362e+00 -6.239095578950769605e-01
-1.363921163718196938e+00 -1.259750757473094174e+00 1.221247590471484568e+00 -6.852320016806746628e-01 2.265376994674529743e-01 7.441459613949503726e-01 -7.019280146119146746e-01
8.590745147896774458e-01 4.525960657338281568e-01 1.818924873799414144e+00 7.181937150085998534e-01 -6.649123681357412829e-01 -2.565821158187456263e-01 8.272863793306972635e-02
-1.220138222809499018e+00 -4.736221204395457685e-01 3.968456011010385032e-01 5.625844544610237863e-01 1.195863180222513034e+00 1.641566597053415455e-01 7.172409755547817234e-01
1.077840065656537671e+00 -5.728309336528197848e-01 3.662813860052178683e-01 -1.100884818937098553e+00 1.115728938859574582e+00 -5.324458260859094016e-01 -4.657614608917958754e-01
2.195159275950308297e-01 7.458824053029182721e-01 -1.073062311818873266e-01 5.785978456971951900e-01 -6.694536013382355877e-02 6.890023521376728577e-02 -2.902749261103234613e-01
-9.288422452485588510e-01 -2.438176959376930075e-01 3.328322928462689179e-01 1.308492186513654509e+00 5.155949064205257448e-01 -1.581424020358995097e+00 -1.304506066852939850e-01
4.340139876974457266e-03 5.222039967155827078e-01 -1.706107930747512880e+00 -1.582605274194064382e+00 -4.110310292933131437e-01 3.584142704700582494e-01 -2.022890103977574017e-01
-1.912003848845036380e+00 1.140843906768557847e+00 1.483665953617110178e+00 1.198699907054955993e+00 4.612012616904044293e-01 -5.521032580845778304e-01 1.548861045126422864e+00
-7.214603526790698274e-01 1.355205056634932292e+00 4.735312392529859166e-02 4.900574812202210806e-01 6.209540444550015748e-01 1.437383210299977954e+00 -1.062176375938771899e+00
8.733699442101414689e-01 9.049526786654193966e-01 -7.074095088827824229e-01 -4.042766789893738055e-01 -9.708788486549730923e-01 6.850418553284846057e-01 1.806438501957285114e-01
-1.193091516641965555e+00 1.373112975561696425e+00 4.076651910818427926e-01 6.178292297148815226e-01 9.607890889673027512e-01 -1.945466173039698710e+00 1.267220218343137646e-02
1.409418249682782565e-01 6.092887440272389821e-01 -1.695517560619592967e-02 -9.593163789726955049e-01 -2.532394627959336231e-01 3.941601844234436380e-01 -8.840470307217923596e-01
-3.751314024695117100e-01 -9.115670773455664122e-01 2.709261382169920740e-01 -1.102622422834177440e+00 -7.515110947963259402e-01 2.132256041737951024e-01 8.165360315665481927e-01
1.474610627766251014e-01 6.328664751081457540e-01 -2.137772977162006427e+00 -5.459849420372701045e-01 -1.501416676999908661e+00 7.785596552690292604e-01 1.387027185902899862e-01
-3.194832982879851624e-01 -1.298755054935325226e-01 1.114175521077945374e+00 -1.428739767854700360e-01 6.572910794177722060e-01 -7.038506637213536310e-01 7.935493626018965685e-01
8.779771685428235939e-01 -1.529953893413060095e+00 -6.734618909079208571e-01 1.473663960344381740e+00 2.256357801978974842e-01 -1.021301245178418915e+00 1.321634028900257607e-01
-8.990365607318802077e-01 9.491205757115203090e-01 -4.893410748792947906e-01 5.862363578496975203e-01 -1.241602698066425647e+00 8.187344169778728586e-01 -7.603049393844547588e-01
-1.184997893190750329e+00 2.809091663914520254e-01 -3.199551111825240102e-01 1.837158917289700771e-03 1.616167392208472053e+00 1.096171503648061929e+00 -1.627208854420695516e+00
-4.855957372267111216e-01 -8.670975992302094593e-01 1.774388219971809288e+00 -5.364478295170834743e-01 -1.276508133820016599e+00 -1.960974323006597020e+00 -2.628897608075180248e-01
-7.475550222850285698e-02 4.639507464739637821e-01 -7.206074993144302443e-01 -7.984619764982511247e-01 7.639734479836064462e-01 -7.200945203949091766e-01 7.360719056745294031e-01
5.744721930870232418e-01 9.284986183550886230e-01 2.730609187117480907e-01 -2.107643352845179063e-01 -4.784902174084847415e-01 -6.061404907539298392e-01 1.412014712630613733e+00
-3.664075555464229028e-01 1.900024948835334460e+00 -1.371120615599842996e+00 -4.952848800370543425e-01 -1.354978418796242368e+00 -2.427754567854909507e+00 4.884775686934377803e-01
4.648712953897879974e-01 -1.287519012770483640e+00 1.405950031199930894e+00 -1.471656470954255114e-01 -1.953756514546934886e-01 -2.707498068487623755e-01 7.407346345115840558e-01
1.683307330484559716e-01 -9.582167156243041051e-01 1.540864705223346398e+00 -2.204460636515386707e+00 7.414146797979520587e-01 -7.156332224366172001e-01 -1.100573521939301580e+00
1.358856405660409994e+00 2.101697441573501024e+00 4.782933633356856729e-01 -1.106997723637684006e+00 2.039978134394820231e+00 -7.554808901641212326e-01 1.520039966675006848e+00
3.053554116147370046e-01 -6.876277821273755197e-01 -1.293934024547525041e+00 1.129115106734332130e+00 2.577246212369406209e-01 4.455189113117158373e-01 7.108849132003572935e-01
-1.485557748599928285e-01 -3.872768579381657417e-01 1.074288693917998305e+00 -1.279481133485779187e+00 9.239007903485478568e-02 -2.462217953067441234e-01 -9.322806653290104384e-01
-1.566157389977749226e+00 1.257430013763886301e+00 -2.814477838603429150e-01 -4.856250313735784863e-01 -1.340646721685199827e+00 -3.679303135797624136e-01 -3.675738886438527642e-01
2.690026711316000768e-02 -4.951029872385538377e-01 1.235905033763349953e-01 4.009758588102044774e-01 2.848057650081187511e-02 -1.182290904173222967e-01 -1.122648463962381049e+00
2.163114235734328705e+00 -9.277675036756330984e-01 1.347293857357442226e-01 1.497531720690453927e+00 7.774528457732429176e-01 -3.633351966755933860e-01 1.332598251351693630e+00
-5.397019702688438114e-01 1.435363695218762725e+00 -6.527398808740223490e-01 2.606507305482596015e-01 -1.619077784610650994e+00 -1.434295836614887687e+00 -6.446285535169037073e-02
3.421082574342282911e-01 -1.608349413753356605e-01 -1.863518105110018586e-01 -1.469815977658969486e-01 -9.035847327381240079e-01 -1.257358581708913237e+00 6.175314404111847261e-02
-7.800064087888112230e-01 -1.838170843855054803e+00 -1.670477317858737321e-01 1.102972751346550373e+00 -2.542378925846889626e+00 -8.574432191638847733e-01 1.832231389350347517e-01
-8.935086123071385167e-01 7.010206627883952546e-01 -5.252595703987547049e-01 1.196854626862353443e+00 -5.390934636406778946e-01 1.870649791112270588e+00 2.766007745440318133e-01
-4.263636786067369622e-01 1.403545993072976006e-01 3.331793674763506852e-01 8.067027435920473555e-02 -4.923483284339758570e-01 8.954748175812443645e-01 2.270076829342830560e-01
3.164038117331773314e-01 4.173648904875552623e-01 -4.680706096852393916e-03 8.165470526179047228e-01 1.823843317316125971e-03 7.387779357167647554e-01 -9.164257415501185777e-01
6.184271175392950237e-01 -1.833995039395724391e-01 1.626877993395198924e-02 -6.019755225218815786e-01 4.703033525272075528e-03 5.688665681768094728e-01 2.202506371007269426e+00
1.095307984651044064e+00 1.226149668582892316e+00 -7.714581038874953611e-01 7.069196692487070832e-01 1.772322185263146554e+00 1.242173547530050007e-02 2.740208921548236906e-02
4.376733609696619176e-01 -1.101209807233333171e+00 6.777003945406820939e-01 -3.486708817032299623e-02 -6.914453518728466141e-01 -3.080129837874744092e-02 -5.695344434193072569e-01
-5.868999336710359893e-01 1.326137634361612472e+00 -2.579822146398709770e-01 2.497274458384485946e-02 -1.335716471697366625e+00 -2.123863852387726792e-01 4.268656721606690074e-01
2.302980900416318644e+00 -2.022080677030567486e+00 -3.117141026018757644e-01 -7.027337379310741872e-01 3.663091560268097457e-01 -1.531358644866714025e+00 -1.326517232988138062e+00
3.301586011007954791e-01 8.032915218865276374e-01 -5.507444681088395910e-01 2.205469001490462377e-01 1.173493481517753567e+00 6.634031965052481494e-01 3.499758634391358925e-01
3.124435043331449391e-01 -3.830541600200830510e-02 5.578779102765549780e-01 -3.161892376757253764e-01 -9.450236348121137109e-01 -1.268691626841475406e+00 6.420006396330990572e-02
4.892444169824669564e-01 7.443520531806776530e-01 1.445046339602105157e-01 -1.161696877865307842e+00 1.953784483227116731e-01 4.913977444617801393e-01 -1.701839528043403438e-01
-7.577294135303350164e-02 2.219269846423393977e-01 -8.000749045729719233e-01 1.171754231208929214e-01 -6.762455828673511471e-01 5.134081685424560781e-01 9.476170311376231892e-01
2.639498386811123254e-01 2.839135767690677548e-01 -1.966322763024052511e+00 5.423773636755907512e-01 1.793746204105424180e-01 -1.518396768741576253e+00 -1.914752549398442083e+00
-1.175237194615728065e+00 -1.431332643713657760e+00 -1.499771325090830221e+00 -1.841780019019871040e-01 -5.154193603051616668e-01 -1.020787660640736449e+00 1.488475606147641461e-01
9.323968746368224148e-01 9.316156487874823755e-01 -2.944282057845902245e-01 1.461008548230858128e+00 -1.817225968443054951e+00 -5.117630301246832714e-01 -7.482726422998149385e-01
5.552339599427930095e-01 -5.775548898463294528e-02 4.572000693364642321e-01 -1.313078111920575219e+00 1.541940377855569366e+00 -2.157987607210720138e-01 -3.592595488595298758e-01
-1.104192907302152138e+00 3.974623876870134187e-02 4.714740046692469932e-02 7.030859599298957541e-01 1.549080633792719208e+00 -9.800610481706065746e-01 -2.014444916973967104e+00
-6.350862964055380422e-01 1.303616218665839099e+00 1.940965636115651538e+00 -5.046316786953589095e-02 1.498048186205524823e+00 -2.908437854463535865e-01 -1.947925921241990155e+00
-8.220491127595404013e-01 1.100878283951319675e-01 -5.988574288003999380e-01 -1.844560988990567515e-02 1.620935013363687116e-01 1.834362336403020821e+00 -5.541603170706773662e-01
-1.128722181749295395e+00 -1.109392586333374453e+00 -1.436580892420373123e+00 -1.238115457367111816e+00 -1.449631621011872484e+00 8.482023227322419423e-01 -5.514152580144336957e-01
-6.523863524438645589e-01 3.244316321303744033e-01 -7.840765511689726797e-01 -4.812444760373281172e-01 -7.041215174167854141e-01 -5.037572012226558815e-01 1.864637180671173899e+00
8.191255732253908128e-01 1.007412056682818191e+00 5.998657734676381414e-01 5.029314755108190704e-01 -9.137862672832429700e-01 3.186078256647239537e-01 7.196888765111320030e-01
-4.043042143716867876e-01 -2.737230303350865146e+00 8.928139109693961073e-01 3.585616696974653350e-01 2.106451649217141731e-01 1.448258845458778810e+00 -4.452039813279870528e-01
1.013238828534078984e+00 1.021962259674788154e+00 -7.280440374701636630e-01 -5.573475752624659219e-01 -6.963029500400192973e-01 -5.689678449139399241e-01 5.852773826270212254e-01
2.175809755899127396e+00 -1.358538318445896786e+00 1.090354711949053090e+00 1.210616519718113876e-01 -1.031804266664763325e+00 6.608970439085173343e-01 9.891283564593660316e-01
6.122252642327179473e-01 -1.212111466532091342e+00 7.291421725215704308e-01 6.559008088722506624e-01 -6.980176566498745849e-01 3.894949730563700835e-02 -1.699642561244617767e+00
-6.441094349390605878e-01 1.373760486348194485e-03 -1.459832651641302381e-01 7.694700963643774649e-02 -6.429390673255709343e-01 -1.157095845224101582e+00 1.649474673124911472e+00
-3.275369280527852256e-01 3.424058572857914262e-01 8.260221607811824018e-02 4.599747007554338407e-01 2.308660795098851803e+00 -4.402550982643138600e-02 -5.498294693565544122e-01
9.849286328689735304e-02 2.268343600841427499e+00 5.963471927885828361e-01 3.948226522130370286e-01 2.104627763503823593e-02 -1.089724225573828476e-01 -5.837547458635126141e-01
-3.721235697555064226e-01 -5.370203237168678090e-01 -6.058486532062580254e-01 -1.062235974398922089e-01 1.331944626998909254e+00 2.767253879995089094e-01 -5.001257503979313901e-01
3.879336669576852747e-01 -1.096070963164672563e+00 -4.259820308923571996e-01 -6.288458275169612754e-01 -1.611571759810817461e+00 1.007928901988963455e+00 -3.488224165762644491e-01
-7.602316115252857331e-01 1.046740002105368328e+00 -5.809638936182369706e-01 -4.091075794630033569e-01 -7.186476611320790076e-01 6.632523311180046344e-01 1.364966330013621665e+00
-9.283906099622450669e-02 -7.050496883742500831e-01 -7.851213339066472896e-01 9.965292251095299036e-01 4.940977419961546935e-01 -2.094057747413999859e-01 6.175576763364890032e-02
1.161532503759140633e+00 -5.676391392122581703e-02 -3.068038012944122594e-01 -5.448812272606983198e-01 9.928025854320103871e-01 8.102530929925509939e-01 1.318745162345664190e-01
1.314781046190426794e+00 5.247977228283922102e-01 -2.529889702890860126e-01 -6.114085639497945923e-01 -5.486203299953377327e-02 3.936048804541287249e-01 1.337468814053525579e+00
-2.356815850431041248e+00 -9.558773652192875669e-02 3.274650162565123090e-01 6.573903446411042406e-01 -3.600498523840168774e-01 -1.221049210403965857e+00 1.995207625671037432e-01
5.302159534072568015e-01 -1.535338962637306404e+00 -8.407388449746641124e-01 9.999876599835794133e-01 -7.585786177538250685e-01 2.203877695493573208e-01 7.618293049171414033e-01
6.158703845108540881e-02 -8.783509568296017367e-01 -2.876649562770938195e-01 -1.115519082521966160e-01 -1.085388408688181761e+00 2.987853757273205568e-01 -1.932614943101724769e-01
2.351030091508704789e+00 -5.043946242454432349e-01 7.572409407277681526e-01 8.234253849506770750e-01 -3.821194137987813377e-01 -4.863658843795074516e-01 -1.589665078589722891e-01
6.873330130219255096e-01 -1.046677461418276389e-01 -1.500601381894010045e-01 1.140997322255328461e+00 1.603690604174767609e+00 8.359285143058680090e-01 -6.356462566775723522e-01
6.110292382247576315e-01 3.233641427977586580e-01 1.655372717726336429e+00 1.140977439410165717e+00 -1.111570877242294281e-01 -2.012581590808792509e+00 7.910890158803037808e-01
7.400313839509922165e-01 7.484028258502640751e-01 1.058100247478235501e+00 -1.488846586443211439e+00 -6.213932042602927641e-01 -9.248116402513628653e-01 1.247005920886085528e+00
1.567833244903924783e-01 1.209597293191071676e+00 -1.971047984742708037e+00 -1.446045826909704846e-01 5.388705986757312827e-01 -1.155601119502296797e-02 -1.650498984512765444e-01
2.022224119111351470e+00 3.603973596363974075e-01 7.577521965227733691e-01 5.867397970186650769e-01 -2.421716564501820823e+00 -1.049469456974159165e+00 -2.770015635170782753e-01
1.066675760964681086e+00 3.831264763374579996e-01 2.140301197185996429e+00 1.423031533417629946e-01 3.213674972152356646e-01 -1.700998323779538524e+00 -6.062420046272197771e-01
1.297522506204864534e+00 -1.369793334419727282e+00 3.756059918914457785e-01 3.243102827326784787e-01 3.370158948402341981e-01 5.728171788528126918e-01 1.615506437982797250e+00
-2.991937049550010344e-02 3.696369611609019445e-01 -6.295376949537718758e-01 -1.054015782015305547e+00 -1.410307381917371039e+00 -1.085697675117186095e-01 -1.151189315627880072e+00
5.370592412377684505e-02 -5.428981740750864551e-03 1.479815380827237181e+00 1.627172429313219038e+00 2.379229981643884440e-01 6.871776328888455909e-01 2.023337166353866567e-01
-1.147420078409533833e-01 -9.280479863726882606e-01 -1.981771940929708764e+00 3.369197597680703747e-04 -9.842453670893269724e-01 7.601949670999755826e-01 -4.101112087675701789e-01
-1.003984124835617386e+00 -5.242288981599180914e-02 1.395490277902215227e-02 9.411431707759491117e-01 -1.408614570492913387e+00 -5.488908971171769791e-01 7.642072550036947964e-01
-8.027033500522208209e-01 1.950502745124401027e+00 5.309253065502498314e-01 -1.069748267554950505e-01 3.419635833673660974e-01 3.941322937669404780e-01 -1.175801984365085318e+00
5.747462526932057836e-01 3.636080740964334028e-03 -2.020302840617149709e+00 -1.499986716144520615e+00 7.711454333408415684e-02 -7.758821581807590073e-01 -5.450495548282973113e-01
2.658562565732986438e-01 9.363689524996915425e-01 3.341525551220188017e-01 -1.452745860448670268e+00 -1.800883634491053042e+00 1.270995298788060390e+00 4.482344920614938499e-01
1.032503222670023035e+00 2.217891677063812406e+00 -1.513396306343064879e+00 1.806778563589322095e+00 5.789891542631027122e-01 -6.246600745141922539e-01 -2.995679363508156889e-01
-5.897976974605284584e-01 -7.247635904782505634e-01 9.682709790883461398e-01 -2.952272085280391312e-01 3.105741353096053703e-01 1.140818289538089170e+00 1.198837597619640816e+00
3.934816433003708869e-01 1.085904288859145916e+00 3.164453857253581720e-02 -5.898998204050395211e-01 1.061785423018496877e+00 1.157674214822159930e+00 -1.783543251531693463e-01
-1.642443903237568614e+00 -2.737502841154866307e-01 -1.163270757802451039e+00 1.602377639206052251e+00 -1.262590117589786932e-02 -2.306924661033252999e+00 -2.366017262550772493e+00
7.359268066106775530e-01 -1.387163241988370377e+00 2.603476434045883248e-01 -4.962696391819528818e-01 6.128437475151925495e-01 2.955209787001262800e-01 1.773979671670485869e+00
-1.397950405789117001e+00 -9.631846288505322429e-01 -9.163917754846668817e-01 -1.656598647836413363e-01 -1.404004543833795582e+00 6.100827027903185096e-01 -1.131651030410584013e+00
1.380367105301365770e-02 7.061397261257715274e-02 1.025816400483061219e+00 6.036578605045683776e-01 -1.350418866602081103e+00 -2.334363170261850584e-01 -1.029508607592098723e+00
-5.264836279446472034e-01 -1.529313336967827563e+00 1.022280194919244600e+00 3.221774388822230328e+00 -1.333965949348530522e+00 9.164432700359179118e-02 -1.371304517827774738e+00
1.127843926093821114e+00 -9.291610463255364216e-01 6.294500054174556603e-01 -1.716245653417856509e+00 -1.138808813244750917e+00 -7.556161086132437976e-01 -5.541790254753957701e-01
7.542240177298591419e-01 1.789410619525717283e-01 7.816773880287934961e-01 1.506137522365438741e+00 2.874077199396975479e-01 -1.254829154196837715e+00 -3.900332499749035314e-02
-1.355691593065262213e+00 1.255397237609543026e+00 5.920555237779908664e-01 9.826494371613999634e-01 -7.313354982360757983e-01 -1.341970933380356668e+00 -1.613679619622347516e+00
1.460423004182808127e+00 -7.697107800181079984e-01 -1.010019139264479060e+00 2.038345042825091991e+00 -6.470664920913038465e-01 4.853450531509034271e-01 1.358734974012538288e+00
1.226280482429392416e-01 5.667582394745209751e-01 1.457099194831949773e-02 -1.728605850523830534e-01 1.348511519371392131e+00 9.098853982207327773e-01 2.513353098243121808e-01
-1.822665233801222806e-01 -1.531814477422598131e+00 -1.196965632908095767e-01 1.637174726722286089e-01 -1.240112199902213552e-01 -4.614040056899445519e-01 -2.336205165192530853e-01
-1.079126199806055730e+00 1.495874128596375030e+00 -6.891601805727591845e-01 9.204316739928789515e-01 1.500763091721703524e-01 -4.823482869012316043e-01 -1.022013427689573151e+00
6.472243357672510244e-01 5.847459301473330040e-01 -1.003161606238105186e-01 -1.242235937671349433e+00 -3.269850489225736290e-01 5.036072307872696552e-01 -6.973461326030720997e-01
-2.726376317065549060e+00 -1.376232032388741588e+00 -2.626310875509766607e+00 2.536979621823600567e-02 -3.441864265500373388e-01 4.745922284164915128e-01 -1.425117641971428428e+00
-7.091703560849155208e-01 -1.632715054958460810e+00 -2.547241864787050392e-01 4.172319503749587488e-01 1.996678976564927599e-01 1.658684822076906817e+00 -4.943199068940368757e-01
6.590712378814232997e-01 -3.086173681487686671e-01 -1.330038470717754551e-01 -2.331552732485479562e-01 4.676568491017015217e-01 -7.046015970108261417e-01 7.296921738201607166e-01
2.533850360655117706e-01 -1.244580931585126837e+00 -6.232599472094111359e-01 -9.739822882288649009e-01 9.116142534300336608e-01 9.339489240985368035e-01 -1.041205401698506838e+00
-1.045310689767841916e+00 -3.696120108598648368e-01 1.038280116436784750e+00 -2.200651835934328560e-01 -5.666187337299917193e-01 -1.159513628637099947e+00 6.892803277899299808e-01
-1.799618484702308452e+00 1.205924901793767212e+00 6.652321471576193301e-02 -7.904228303896674301e-01 4.041772095915774354e-01 1.689445714525781295e+00 1.526379916205424569e+00
-8.220831462739920659e-02 1.092591315874768682e-01 1.327432087359051716e+00 -1.797920476670942902e+00 8.323988697778779144e-01 -3.418697704741648913e-01 -4.967983320788561530e-01
-1.335972449111233695e+00 -8.239160551625163142e-01 1.144169805085355707e+00 1.124446080143097770e+00 1.500219893342545019e+00 -3.150077637943085040e-01 -2.289979213717163731e-01
2.256209143778039827e+00 1.092883134569746506e+00 8.772821662063475801e-01 -1.504723337584258358e+00 9.472958271979703415e-01 -3.059739716075893234e-02 1.200624262343853887e+00
8.110820688975831638e-01 5.164387091894714343e-01 -1.805471820718800746e+00 1.025886217771884601e+00 -1.254012812506372976e+00 -7.204888207495678543e-02 8.559598140841009339e-01
-7.088360028459030904e-01 3.210470394125025662e-01 -1.003158185491040966e+00 5.602773682925256127e-01 1.025936861047703319e+00 1.281195331136949722e+00 3.871986960529051891e-01
1.894431030884924594e+00 -5.558969224623585559e-01 -8.809421363983522824e-01 3.975373419533966834e-01 -4.484048478611457056e-01 1.283360856622607071e-01 6.416594429445887648e-02
-5.091662227090241188e-01 3.377748563995919273e-01 2.140578152304635662e+00 3.025652975267486555e-01 5.110153389906606503e-01 4.224728982619589956e-01 1.882950296543109969e+00
4.758165816791484759e-01 -6.494972978768949190e-01 -3.810872046727420415e-01 9.328597641921927419e-01 -1.244727515122968198e+00 1.365704419043120010e+00 -1.542296477290141743e+00
3.468796594531112915e-02 4.642289464222320028e-01 -1.519264043675865594e-01 -3.821811428878987837e-01 1.075590867482803192e+00 2.478165037596848086e-01 2.006263049270168963e+00
7.348899000801044634e-01 -4.947885107951549566e-01 -1.755606927391219818e+00 -3.440000936359097761e-01 1.856566893968164822e-01 -1.044648335029649128e-01 1.259933125139505727e-01
6.302758914772804699e-01 -1.456772937608423191e-01 2.816958200769335452e+00 7.153409787602191816e-01 -7.247301564006545238e-01 -1.049472844234399682e+00 -4.234147456102284601e-01
-2.113709099579808459e+00 3.708321089160386830e-01 -1.244302042934330332e+00 -8.720123253498058835e-01 1.123124820551151926e+00 1.010504860062570592e-01 -4.427990073143111549e-01
-5.394005252030226183e-01 -9.091554474845194855e-01 1.114729586539958128e-01 1.959959954782509506e+00 -1.121468149030340200e+00 -3.999350474218304474e-01 1.716872141151785991e+00
1.026928118016746661e+00 -3.155782909014250293e-01 5.717728463779030157e-02 -1.231220538108320550e+00 2.280261468757484034e-01 -1.477544089841528741e-01 1.031115665193357511e+00
-5.489517373394684485e-01 -5.094215780618106537e-01 -6.631985691858415244e-01 -1.402829082148191464e+00 5.464297977101049281e-02 3.019986128931974600e-01 -3.362030861390703784e-02
-2.415258207784540534e-01 1.668308613905762627e-01 -7.818511414049489350e-01 -4.479936966564466716e-01 1.015404673816839409e+00 5.447158978158490594e-01 2.478372058047462190e-01
1.458411388777170581e+00 5.906759916722876813e-01 -4.341837954900876761e-01 -6.971267282020647826e-01 -1.984205210777117284e-02 5.208101354164271779e-01 -6.458404733623997196e-02
1.308615602083129437e+00 1.111368696159021452e+00 1.826554536109110227e+00 -1.927037092901010829e-01 4.566199128855033540e-02 3.184434203021197507e-01 3.808773234935470153e+00
-1.009960999979953700e+00 -9.887115139074410808e-02 -5.642840451673120095e-01 -1.459289598187828441e-01 7.256715249795779865e-01 5.247220819982004736e-01 4.247063070788696659e-02
4.592368866708240738e-02 -1.670542400530604377e-01 4.486886110694225938e-01 5.648025163538252791e-01 5.661393049368732555e-01 -1.135039599239518138e+00 3.886224852146172304e-01
-1.122792950574878379e+00 -1.292439882173398003e+00 -1.056845373059831950e+00 -1.461979556083911502e+00 -5.742384973646493806e-01 -5.623905024864560287e-02 7.376105643544762502e-01
5.209973936275782425e-01 -1.716210568772000844e-01 1.304757292467166208e+00 -1.267641154212749477e+00 4.074954009213352379e-01 -5.142198950950415542e-02 -1.163199934245203737e+00
-8.393578776278798337e-01 -1.185181710193016658e+00 3.304335203503952489e-01 -1.176239277337948197e+00 -2.957150476656860150e-01 1.202329807813404372e+00 6.811150641319253969e-03
-1.511950927079245721e+00 -9.205461356928125172e-01 -5.942471956836186120e-01 3.067972804048815783e-01 -3.424503781429881211e-01 -1.137961681846354045e+00 -2.001811957227816130e+00
-3.156913089818157991e-01 -1.597056418287106094e+00 -1.132430159043770646e+00 2.036358216057360337e+00 6.478100350284583531e-01 1.682222115345638702e+00 1.183522473521228413e+00
-3.890879509627770960e-01 1.056488423253840458e-01 5.645489397957315081e-01 9.015430223067890173e-03 1.680163098351029616e+00 -1.698061475778102292e+00 -1.311487811637612522e+00
5.203322881710922276e-01 9.113960994955965234e-01 -1.605282866135123720e-01 2.421097498674319670e+00 -3.937563029196555764e-02 1.339368618352437146e+00 1.611236154520314212e+00
-1.177921638221677725e+00 -1.644759205095503107e+00 -5.754551108678440663e-01 -6.305498321604847689e-01 -9.502471043389074667e-01 9.079704600086474509e-01 8.684430280145524206e-01
1.400233766242754196e+00 1.560787457033918635e+00 -3.738355469775380135e-01 -2.645036351619172929e-02 -1.372172419669389076e-01 3.972307533197318996e-01 -1.745185144644408215e+00
1.593620218223847649e-03 -7.377092564445361100e-01 -1.051629851339436428e+00 -1.706186845031862687e+00 -1.326626026907085365e-01 -8.935804419668784415e-02 1.358398031867690259e+00
2.977733784300224187e-02 2.677901120227254572e-01 7.754507011950997342e-01 6.048446563763265615e-01 -1.942500599143361095e-01 -8.303770929985271332e-01 -3.424291090838805368e-02
1.514762789357109618e+00 -2.397181803274865963e-01 8.406189861987460876e-01 -1.493164377803497984e-02 -1.796164615339481241e+00 1.308421072004634311e+00 1.183139623490232273e+00
-4.438171944617340103e-01 7.871244595014722512e-01 -1.780767308340626354e+00 7.430180814272623335e-01 1.148706939310702335e+00 -5.659972749585433227e-02 1.293723407366082823e+00
9.613450906391717288e-01 -8.871940804726721752e-02 1.343248745234666419e+00 -2.231462844123147937e-01 -1.525539619317894502e+00 1.775908578318141195e+00 -3.604511121708114385e-01
-2.351582277481192029e-01 -6.520819972497666761e-01 -1.491961977863586787e-02 -1.003537893260715963e+00 2.855794439570337739e-01 -1.232966355757219468e+00 1.378282244070097473e+00
9.861109198268830367e-01 5.635770048090161799e-01 -7.311710691884759639e-01 -6.781698434965384159e-01 -8.633600708758696340e-01 -3.345277408811282438e-01 5.264407873740873933e-01
1.450383264750529089e-01 5.991825457549758704e-01 1.234541597181246342e+00 1.554632858272377627e+00 -1.134108780493061186e+00 -2.910322514917722536e-01 -2.722631861055499147e+00
1.688104793810469628e+00 -1.096750025904397852e+00 -1.451811217168025303e+00 1.157492260016887098e+00 -1.135384768764841290e+00 3.751041715912326602e-01 -1.170621658653692609e+00
-1.248251874564892255e-01 1.082586321052375400e+00 -9.888243079252716505e-01 -1.829103757872813374e-01 -4.163953945790196953e-01 -3.526490266365028825e-01 5.270834981847033474e-01
-4.078490663377846714e-01 -5.305957183550690237e-01 2.256493929719654012e+00 1.129888587878827622e+00 2.431819031301243328e-01 1.758687040352831243e-01 -1.217528136280979556e+00
1.105943988544105361e+00 7.503772425607261320e-01 -8.028330997650963141e-01 1.914465414991377290e-01 -1.540553827350342742e+00 -1.771472183073372064e-01 7.509465019949987941e-01
1.092042604158240060e+00 1.038230312945755518e+00 1.291653347163865151e+00 2.453724284435341851e-01 -1.276195822261498192e+00 -3.452014205639508670e-02 4.502725607344154612e-01
1.717379285261381838e+00 1.289405453611685681e+00 -6.254245339806311366e-01 -1.016088092331260295e+00 5.479390609150255331e-01 -6.259096107266853837e-03 -4.058126296239931152e-01
-1.490422205957019908e-01 2.321340950515983492e-01 1.304944439952469670e+00 -4.780667839985374701e-01 -1.853001424158764454e-01 -1.891953457733823174e-01 -1.260410889454660621e+00
-2.102410401578993948e+00 1.128241566011698449e+00 6.078672865485788140e-02 -2.357463221709879819e-01 3.735507455652445907e-01 1.564397806793114687e-01 4.476594976607110865e-02
-7.493999065209946409e-01 1.592645173727488539e-01 -8.551488094600998568e-01 1.411897785737672217e+00 2.498557198637978150e-01 -7.480830173268375738e-01 -1.162080812802323004e-01
1.801569608230526587e+00 -7.061267823614986172e-01 1.487101482341389280e+00 -7.021375011248922604e-01 -4.267687256227224446e-01 -1.043905652887570534e+00 7.793865024219740478e-01
8.174832251744088563e-01 -1.347429688094718969e+00 6.280503604420224484e-01 5.065515669942572963e-01 1.403555807938915212e+00 -1.055901059069964898e+00 -6.789305676213319707e-01
-8.222913835184926523e-02 -9.979177771146935383e-01 -3.645033693258029062e-01 -3.117772332823686154e-01 -3.441696320542261267e-01 6.713319157528804260e-01 7.150845788801127867e-01
-6.723005853940008381e-01 -1.151258189860902448e+00 -3.949353029443643526e-01 -1.248899291520131211e-01 -2.188033370279715673e+00 1.433539711832132024e+00 1.395609523071241975e+00
5.028500108736331242e-01 -1.219164116875538051e+00 4.838225533350429264e-01 1.362069690679178269e+00 -6.543705124283019647e-02 -5.485237373347311429e-01 -1.731008406104336039e+00
2.063028289190674602e+00 8.612828460360223426e-01 1.134049315902070122e-02 -1.176002367337993793e+00 -4.238561071109811507e-01 9.212990005463815857e-01 9.047210277324146954e-01
-1.266625539987408011e+00 -6.502685523260176570e-01 2.586331614708110571e+00 9.590264734053469686e-01 1.039181626402693848e+00 3.552698788866124335e-01 -1.341466826218943309e+00
-1.322182066255679578e+00 2.237591572803247164e+00 -1.518954914582322679e+00 3.710853547344950543e-01 -5.754822024439818495e-01 -4.132430054769208327e-01 -3.422523902817691255e-01
-1.335984914905604226e+00 -1.397955592283496973e+00 -9.373341922893571043e-01 1.545074399424388067e+00 -1.008787895925545408e+00 -1.438100302427969490e+00 -2.963983043871538658e-01
-2.384588114216851462e+00 3.859075559953967782e-01 -7.063933070826140526e-01 1.236149361624644616e+00 -9.505144657273011388e-01 -1.717576731403025025e+00 -4.467010802347837206e-01
7.312000146584312077e-01 9.016270857653209125e-01 -6.419634819625719135e-02 -1.058556326803859360e+00 1.574840877328139932e+00 -6.384296005140355224e-01 1.706613166534684423e+00
2.026482724804216373e-01 1.560071183102146319e+00 3.522555477337056540e-01 4.043093433696703931e-01 1.574397720247027399e+00 1.557178842066435642e+00 -7.753019812048066450e-01
-2.031784685145133773e-01 -2.519266268590667490e+00 -1.641911025887158315e+00 -3.402010423825462815e-01 1.077713842280671352e+00 -5.327535769681235323e-01 -7.877010672295265969e-01
1.932325963300683958e+00 1.342115862331535459e+00 -1.598010619112509634e+00 -1.144698428356240694e+00 5.744790840679723232e-01 -8.101295400009737024e-01 1.685058861374462813e+00
-8.175894750807296552e-01 -3.998329508109695341e-01 3.223757370619297902e-01 -8.321066878581369064e-01 1.465862614913260975e+00 1.207400992171888954e-01 -1.688385419595171744e+00
4.396754250765818606e-01 2.348281827678896649e-01 1.553581922619794886e+00 1.275524935966098727e+00 8.119943261738939988e-01 -4.649560139138558812e-01 -1.888825317547754734e+00
6.505656131987269664e-01 6.699848366449152604e-01 9.783518792765654171e-01 -9.373192663686645831e-01 1.174296443453335614e+00 -4.220542782753475275e-01 5.173401865946485323e-01
1.152294283286366475e-02 8.100734997802204740e-01 -3.304676994675423973e-01 -3.690078460015360218e-01 2.317582192370070959e-01 3.820478748769828847e-01 -1.105181440035218232e+00
-8.704328086127099962e-01 9.475896790678055570e-01 -3.160305783895984710e-01 7.067664747394027946e-01 7.216652652782599153e-01 -1.316414212880409940e+00 -4.072952689428212536e-01
2.080777223405498866e-01 8.479509457239987613e-01 -4.162302814659081807e-01 -1.142853022366145499e+00 -9.264883911431532892e-01 1.676054668673126580e+00 -1.405253549432087912e+00
-3.746250018246437996e+00 -3.379401479706171108e-01 -7.290637853008996583e-01 -6.662386433016963261e-02 -7.300392200410670274e-01 -9.241963065651770393e-01 4.455468947347169806e-01
7.828286750579293019e-01 7.439893588824602055e-01 -5.445558455707735224e-01 -7.621469475883786426e-01 1.177383576876263716e+00 -2.747463440913489041e-01 -1.414293162153308636e-01
-4.852656293995840087e-01 1.045516244065850670e-01 5.668982512373128557e-01 1.788954130278316290e+00 9.833023043510494832e-01 1.292251535855004907e-01 7.077429306438781653e-01
6.048181955548215250e-02 1.047358746946476238e+00 5.691748368572109307e-01 -3.997531932159291701e-01 -1.364448459764147747e+00 -2.096754592257224381e+00 2.961598001197654484e-01
-2.177160297772947839e+00 1.009858473120085032e+00 -7.213017157637151566e-01 1.637846003471206402e-01 9.441477252732922709e-01 -1.463251684172372391e+00 1.190608586501512800e+00
3.301679654428592570e-01 3.122163185953285014e-01 3.185998131819169354e-01 2.359283781338943786e+00 1.833060480751835808e+00 2.655236274873264968e+00 4.464865035115917480e-01
1.176357198486779554e+00 -1.530224731980166508e-01 8.310562196045119254e-01 -1.460753287539102496e+00 -3.325121667095504857e-02 1.827237808272945407e-02 -8.995448971752213474e-01
-1.173277921104755261e+00 7.816519566549585962e-02 3.091268859393900836e-01 2.203585740607671539e+00 -6.889659991812676632e-01 -1.064711524485542737e+00 -4.008153348604464039e-01
-1.208093233480585837e+00 -1.864434867767093551e-01 -9.661278409200068085e-01 6.061885852179170753e-01 1.068111287512209628e+00 -1.017891737175639966e+00 1.089743518157083146e+00
1.648288204540461654e+00 2.409394961353318251e-02 -1.958035747726661446e+00 -1.018388389222279589e+00 -3.320764350490124084e-02 9.945439932142580153e-01 2.001992238381843148e+00
6.187565499202304364e-01 1.742774078611989894e-02 1.120546082830883750e+00 1.911445874869519779e+00 -2.936875716817307636e-01 7.581272255746578093e-02 2.915488031263815394e-01
2.332349397544515937e-02 -5.575481163147534280e-01 5.612126243602036935e-01 -1.083454826083702693e+00 1.712474472007469384e+00 2.376709887736261351e+00 -9.667753843023734195e-01
9.006770951546515525e-01 2.769736256490800130e-01 -3.354371215601422151e-01 -6.589416110484402900e-01 1.400066869007560340e-02 2.619738752460089026e-01 -1.744827042903944747e+00
2.562198399089953282e-01 5.142151822486976664e-01 6.019011117006490830e-01 -1.233804410851326860e-01 -6.353507217439524624e-01 -1.001293766303472443e+00 1.464554879895484385e+00
3.794273908122529071e-01 -2.562727692448854455e+00 -2.172304840325330666e+00 8.424938067593775726e-01 1.309564750876575756e+00 1.099333789659339145e+00 -1.286692175880870814e-01
2.905183079808872360e-01 5.491935890140883236e-01 -6.579414008172228545e-01 -1.617445711293748367e+00 -1.003443791205413715e+00 -1.180189211667527771e-01 2.222612673890596469e+00
-1.664218357751322541e+00 1.770069313434313729e-02 1.121069633820905631e+00 -1.839630692419523372e+00 1.319352501585686621e+00 3.673964462439027190e-01 1.099212739070305478e+00
-5.521652616934842328e-01 2.047907436390540958e+00 -5.078805693051273717e-01 -8.964413188069192406e-01 -5.266925264033684995e-01 6.900171334084551633e-01 1.415228280931539295e+00
3.109600484256325736e-01 1.174387128185247597e+00 8.461399072465001225e-01 -1.385937936527795955e+00 -6.606061942612745375e-01 1.823401673797406142e+00 -4.063860542532984899e-01
9.751351737065935277e-01 -1.569424047894419028e+00 -5.800585131008547668e-01 -4.533360609291502974e-01 2.295517541838988929e-01 -7.767092558410674252e-01 1.407069707387220703e+00
1.986040964577038270e+00 2.444088654679096528e+00 -9.645596452808773424e-01 2.594699349506107144e-01 9.750037160545816928e-01 -1.505929446788074166e+00 9.660330224604786187e-01
1.349085018294939209e+00 1.441451251011594825e-01 2.801927622306549459e+00 -1.308620760002315864e+00 1.482074678872832951e+00 -9.054492605157310470e-01 1.845183878543848188e-01
-6.767321951334775987e-02 3.949320942977820326e-01 -8.224733094219496277e-01 1.120691504923913673e+00 -2.003755262132702608e-01 1.048269498459553972e+00 -3.999788942239617673e-01
-7.835040852299947067e-01 -1.484133420844336859e-01 -1.246379330214042458e+00 -2.446226157834433257e-01 2.177641781446367983e-02 -9.048763305566119575e-02 4.172146184281793069e-01
2.572801245910947276e-01 2.402417767711686469e+00 -1.776760710329456705e+00 5.909318215033939614e-01 5.524300933709248573e-01 -8.671426128955727064e-01 2.464146001722983814e-01
1.293059087716145417e+00 -3.142502182009339617e-01 -3.625898914102965165e-01 6.892650231211394640e-01 -7.278051483986824888e-01 1.461304393889688857e-01 -1.368301218211642967e+00
-1.026958661844643128e+00 2.234544506984996182e-01 -1.144140563741320227e+00 3.873735329786436310e-01 -7.655782300509045291e-01 7.594125716306187046e-01 -4.615776340844995884e-01
9.606330949396045815e-01 -1.389994004115122861e+00 -4.994842865096810886e-02 6.111894745863213907e-02 -1.475835320152064201e+00 -1.237000062742806161e+00 -3.183734497940011732e-01
-1.007605791808347862e+00 4.343763642072993036e-01 3.326663406242124088e-01 2.564524270744600667e-02 1.506188923441649452e+00 -1.373940917679556728e+00 9.781574700199354711e-01
-1.734729939991116465e+00 2.235442112705682494e+00 8.686921907718505587e-01 -9.923917791023669777e-01 -2.042052587340143777e-01 -2.036554498049248707e+00 -3.417017553373665750e-01
3.778361133303156372e-01 -1.456897693265737814e+00 -2.228835029827469782e-01 -9.125647499611045932e-01 1.036821461155171376e+00 1.105566537710805930e+00 6.077678155210330946e-01
-9.978727708865592350e-01 -4.905023527391459415e-01 4.437556151909535784e-01 -1.437366672172950000e-01 1.974265876690465549e-01 9.481450140034826113e-01 -9.849408622025436488e-02
-2.711830803218622798e-01 -4.525801880674987232e-01 -3.263679489902750475e-01 -6.475767607661707670e-01 -4.860025598971751126e-01 -9.095055634110023046e-01 -9.428021732632112517e-01
-1.905984636850188485e+00 1.773448042412583137e+00 8.148777570596320297e-02 -1.045083496448631966e+00 -9.787336125021907085e-01 -2.557451250791971553e+00 -9.970484792259066975e-02
-1.111523923331387831e+00 2.059800166828061885e-01 6.177013455841716683e-01 -2.873532036474997775e-01 4.440982607431628870e-01 4.420135451301778762e-01 -1.013828203267371997e+00
1.157971663515366512e+00 -1.550911544713315937e+00 -2.714686287097917816e+00 1.487286176816657868e+00 -2.255659596811270706e+00 -9.549429535364685195e-01 1.986557976729195429e+00
-1.153946043987822634e+00 -7.100141664168556632e-01 1.267536353858375264e+00 -1.178162462161681079e+00 -4.754093750744944891e-01 1.078130733290891152e+00 -4.460362073284141471e-01
-2.874173804275667599e-01 1.591486214696179680e+00 -8.538131466400155078e-01 -2.690239949652480256e+00 1.165292689918732361e+00 -3.518764282966586054e-01 -9.414154021092108193e-01
2.080851861716176698e-01 -2.720107160788801881e+00 -4.316683614667821134e-01 -7.067357829553513882e-02 2.907013865928180785e-01 -4.305365823931046054e-01 2.187555215244459117e-01
-1.047336317645501058e+00 3.823596110849197260e-01 -1.654555316687895461e+00 -6.330381950230135057e-01 2.424771521452554271e-02 1.255469106929976819e+00 -3.511801084858064970e-01
-7.236645124791024619e-01 1.651795517784743483e-01 -8.751462464209012193e-01 -6.876915105480166379e-02 -9.981547720954053737e-01 -2.907308920897176407e-01 1.910960052501202433e-01
-1.352180343738972113e+00 -7.166580154282574389e-02 6.062663559723298068e-01 1.157342138551300970e+00 -3.104217242165707713e+00 -2.730502559415274311e-01 -6.611521552219398190e-01
-3.946049344585911278e-01 -6.630828062077284146e-01 -6.378763297432972490e-02 6.026469612637636031e-01 -1.478762755371826998e+00 -7.592813459799169218e-01 -7.173774295540950863e-02
-1.871923980791297515e+00 -1.241609021829310988e+00 -9.776729779801005549e-01 1.226944436653004677e-01 -1.493742832159064449e+00 -3.575756301132965720e-01 1.310656662563142449e-01
-1.475711060506695649e+00 -8.390674520231816702e-01 1.209532644785129341e+00 1.762268035593230475e-01 1.146147456607875981e+00 1.286242417605289567e+00 1.722960921521670796e+00
-7.658092681942078039e-01 -2.016481646351232435e-02 -5.145171020773358084e-01 -5.840115126392851908e-01 -9.168953738383676111e-01 8.442942811696525496e-01 -1.235933207201121542e+00
-7.860535687598648735e-01 -1.079186709589449178e+00 -1.319568014374677967e+00 1.313258290579415899e+00 -1.473106186781129257e+00 -8.312320614522565876e-01 -9.107943140983081332e-01
-9.372881373643449088e-01 -1.295328433628039289e+00 1.087917296944044820e-01 -6.191219742911784341e-01 -8.497410610880459236e-01 1.671374730913601114e+00 1.171430588720298926e+00
3.730048394610658291e-01 -1.012847768929946213e+00 5.515798236950840705e-01 3.037228421456980021e-01 -4.813649077852502067e-01 -1.364337199496374886e+00 5.197074349144119587e-01
7.008256223049810218e-01 -1.284375896566611330e-01 -1.366943998764929225e+00 1.307962055179304528e+00 9.938699268723204527e-01 8.649462131850778335e-02 4.965431523054488205e-01
-2.056138604736374109e+00 1.020555971116247962e+00 9.069085003123904531e-01 -8.602190616317959559e-01 3.511883270993599870e-01 -2.812103587752984302e-01 4.711837428398297362e-02
-7.762932083837379427e-01 7.307171098563371991e-01 1.622566090330935129e+00 1.504914442895702309e-01 6.124913014225846775e-01 -1.464747601982214098e+00 -7.047600428571970665e-01
7.203717484875761246e-01 -2.344718476664928442e-01 9.030343639302663983e-02 9.788027292757674191e-02 5.546163090504291349e-01 1.763761899716749904e+00 -1.336232255386206269e+00
1.239357029811565925e+00 4.882320918740846172e-01 3.677307482461234511e-01 6.382087089281072156e-01 -6.376672243483258451e-02 -1.334198585934073533e-01 3.730980896547494985e-01
2.354456728857285963e+00 1.942076428966272417e+00 -8.588855500626770001e-02 1.067874000904372789e+00 3.706198699916563588e-01 -5.504876291181499681e-01 1.029189962754891496e+00
-1.832032900280585741e+00 1.717675357353066756e-01 3.837504811672058924e-01 -4.356268050679170667e-01 -1.172727904153716416e-01 5.341090858338801706e-01 1.736776043278060788e+00
-4.516709053342892743e-01 -1.828688617708856157e+00 6.788066884111644272e-01 -1.315254670327537401e+00 -1.257482617523244250e-01 -1.427477634838761889e+00 -5.870560498021537565e-01
7.029666397974452252e-01 -1.271551241368565899e+00 -3.491653339666856218e-03 -1.371033980827583709e-01 2.578195117660539992e+00 8.989845075765239002e-02 1.593553101616676182e+00
1.453139529414048781e+00 -5.108677617047013841e-01 -1.037762954002388716e+00 -1.290327008918827234e+00 7.485308148779903359e-01 -1.425536230160579843e+00 -8.014825855379094088e-01
6.701289375625208988e-01 -6.196473617405270223e-02 4.529332177974603746e-01 -5.772497512597675184e-01 8.948083390432725048e-01 1.915810519550872337e+00 2.126753400575761010e-01
3.461723830152743098e-01 2.534864849208863014e+00 5.839380369424932438e-01 -9.807518335406611998e-01 -1.044681682786669508e-01 -8.892623209641076221e-01 -5.261245214584098218e-01
4.557665392261348591e-01 1.027143696426024322e+00 1.094135701059022470e+00 -1.024121875071242860e+00 1.232955637707356278e+00 -1.727824826130227864e-01 7.192951287642442848e-01
-1.500390021996097500e+00 2.400072092156347592e-01 -9.011495961633174678e-01 -1.376666865631671621e+00 -5.163840204135300427e-01 3.525931242330916926e-01 5.548975762583864269e-01
-9.030564109128417227e-01 1.913449326056199662e-01 1.969760277906297929e+00 9.733664309436625972e-01 9.447733148586667795e-01 -1.215953524647701123e+00 -3.501581547964670305e-02
6.322839078722343187e-01 5.656706865309448773e-01 -8.246990444509340046e-01 -4.796150412779902616e-01 -1.793569488413347957e-01 7.475737202692194217e-01 -3.110527924260351185e-01
-7.701921331007832716e-01 6.310760742522331102e-01 8.001185724997532389e-02 -9.488665130814767368e-01 3.202650802780396821e-01 1.006491231833001043e+00 3.177334549536844355e-01
-1.602735627196556045e+00 1.815401700034879884e-01 -3.027674583128345254e-02 -5.462054768373715286e-01 1.336670258880806594e+00 3.817656354501076099e-01 5.546152975561434717e-01
1.765142366117866679e+00 -3.162109208644725000e-01 -1.213835452801545131e-02 -9.792325240121244612e-01 8.001156558161752752e-01 4.077089448448761866e-01 1.459005689961216268e+00
-3.413309578385111398e-01 2.704359650375069424e-01 2.152945324648885550e-01 1.127185813619625776e+00 2.312430563011509399e+00 3.934886137020248698e-01 -1.034475555907856226e+00
-1.381302842558377542e+00 1.694930724979637482e-01 -7.504794740440837719e-01 3.431726518329205056e-01 -2.503270995060095316e+00 -9.847153306137244044e-01 -1.356882607907389238e+00
-6.637715381090319999e-01 -3.058985748626351364e-02 1.328948789581595458e-01 -5.495636798807221335e-02 -2.591968205778215850e+00 2.725835673462135400e+00 2.900975793900661959e+00
-4.562716297504989527e-01 -8.239738900584645531e-01 1.337972641542463981e+00 7.154979780226162767e-01 6.489588412031481734e-01 -5.139120279122766366e-01 -3.995179551049250488e-01
-6.874938217868363788e-01 -6.118460530180194201e-01 1.187786179814479537e+00 -9.970826264982910470e-01 2.351807994919504208e-01 2.319962862012237281e-01 -5.509951512782861327e-01
7.446341123507831117e-02 6.945294211406690676e-01 -2.917230829994694741e-01 1.761968820234680155e+00 -1.150621989101122677e+00 -9.737095465698271113e-01 -1.313402702933957666e+00
-2.974192595188531185e-01 -6.931173743594477576e-01 1.551138194314287955e-01 4.494497004362093540e-01 6.076269931983674377e-01 1.223036172491642093e+00 -1.588057810711029916e+00
1.829358137901186288e+00 3.154982374052296423e-01 -1.006313881761768281e+00 8.606353677490292675e-01 -4.185885938058575562e-02 -4.636646092659493235e-01 2.589005162694384965e-01
6.742865206283610302e-01 3.380498642969650414e-01 -2.499936657361753467e-01 -5.635328901522451694e-02 -3.309470263371918075e-01 1.196898931760775886e+00 -5.712542496769582590e-01
-1.636468289158543366e+00 1.171098413693695495e+00 -1.917169316466933449e-01 -1.452798132075821647e+00 -3.878623597484902596e+00 1.154084004352558868e+00 1.109230474735633937e-01
-5.551922902023876949e-01 -5.764398185335577462e-01 -3.582532228592197332e-01 -1.743260541150628562e-01 -3.156088215926596829e-01 6.883289531084370028e-01 9.905624141718681885e-01
-2.324537565609829382e-01 1.803941625469700050e+00 -9.729710130824688052e-01 3.604912692648075678e-01 -4.248449076106619038e-01 -9.966500004680481362e-02 -4.388617078873273125e-01
4.813949037492814553e-01 6.849169115383140216e-01 1.494823455246806043e+00 1.051520131331490582e+00 -8.714741403281733856e-01 -4.141208782742344385e-01 -1.065573748278254351e+00
-2.302296625350047921e-01 -1.463997675392751274e+00 2.281818111725111009e-01 -9.835616974620051689e-01 -9.559141240516001448e-01 -3.452395315030736267e-01 1.013077328885364281e+00
-3.761069440131938335e-01 2.700471700854377155e-01 6.472110295948350078e-01 1.536606509756254457e+00 -5.664573822856597829e-01 1.271954558531638024e-01 2.106218361461973387e+00
-1.387925216177302856e-01 -1.385651699026240191e+00 1.549057763405248700e+00 -2.175800772656063531e-01 -3.292429962699834345e-01 -1.577468840139607753e+00 1.914476320136100806e+00
8.784316757335997039e-01 1.128060809755388805e+00 1.188442805126523449e+00 1.357959367079073290e-02 9.509878378413474387e-01 -3.757612652157931721e-01 -5.036910336101615426e-01
-6.890792089292387956e-01 7.194547882533618155e-02 -1.690548044658250371e+00 -2.141360174550342332e+00 -1.719472298407911659e-01 1.186558322051217029e+00 -1.416913223629408858e+00
1.260186870902624934e+00 -7.479915135934599169e-02 3.281256501895168931e-01 1.175829705296193239e+00 -7.853616381628050203e-01 -3.895301033812381686e-01 -1.307728970843425653e+00
-4.089725558473616268e-02 1.283504983179100334e+00 -5.508306803248753658e-01 2.291654202019074993e-01 1.579135261276973123e+00 -2.553290056521767201e-02 1.005501668147726901e+00
4.538431333129595568e-01 -8.415922626943034279e-01 -3.508161241373914385e-01 1.461500066025037015e+00 2.425024847834423292e-01 -1.895904196864059310e+00 1.274145754467419067e+00
-7.874758561570025517e-01 8.373132015523520044e-01 2.447811404861870155e-01 9.035747859571819918e-01 -5.594812628621974593e-01 2.785903523488136302e-01 -3.293527412559408840e-01
-6.165301129424477500e-01 1.707165003472523646e+00 -3.656113871353333655e-01 1.127993760106672738e+00 4.486902130104141739e-01 -1.297215520355904816e+00 -5.099987822178722041e-01
1.843160704477471989e-01 1.108872058471040534e+00 -6.737231590978050022e-01 3.758946757203463496e-01 1.735409692700209117e-01 -4.921533727435199457e-01 1.937723371562119157e+00
1.365310019116591604e-02 -7.318032944956988084e-01 2.358997039262960282e-01 -1.413714849433047815e+00 1.483830866560795991e+00 -1.780561025155933175e+00 7.706232690343894909e-01
8.724855329969959106e-02 -4.523199351475623020e-01 9.929852440086067711e-01 -3.659930669417438831e-01 2.774935101533410053e-02 -2.198963373373037100e-01 -1.853953100578727420e-01
-6.528997906683680075e-01 4.920576631396435530e-01 -1.590861666438307953e+00 -8.059958250410005354e-01 1.071154126099345794e+00 7.482047716513184898e-01 -8.094918894326171011e-02
3.555431774991534705e-02 6.881650259035617667e-01 2.549341859030462842e-01 1.118042531733572265e+00 -1.958704904547701187e-01 -1.790222484823814186e+00 3.838222802488988061e-01
-1.276420118358819744e+00 -1.781059949810005483e+00 -5.426021941512167990e-01 3.919891745414682549e-01 -4.516203216408742893e-01 8.186256529341772170e-01 -6.495638816410846950e-01
-9.787470007321179555e-01 -9.845385501029219055e-02 8.229121197523487918e-01 9.331268711517931580e-01 -6.728817444561001615e-01 1.903832294448931428e+00 -7.028913278919374230e-01
1.182157105223103910e+00 -8.555980274338726987e-01 -1.209621611204087621e+00 -1.585930392223020791e+00 5.866546792580902281e-01 -7.522693736012175947e-02 -1.192839691188031903e+00
2.832751429575768309e-01 7.782538571829947793e-01 -6.659335124389020866e-01 6.782342592214873900e-01 2.593795940039670955e-01 1.972063695318293286e+00 1.681546113845464152e+00
-7.807247957814065220e-01 8.821365593072153510e-01 -1.699020437316826060e-01 -1.210390195333612001e-01 1.271651196329133038e+00 4.984517580824570082e-01 -5.989551804002577473e-01
-1.416258310076616289e-01 1.741566734464720323e+00 -2.394273523438832818e+00 -1.712282472646696474e-01 -2.346907039223267155e-02 -8.059939428524492966e-01 4.211977262749306283e-01
8.534431070828265575e-01 1.738282304785576382e-01 7.937485140827127417e-01 -2.411894198675606837e+00 3.464188878729717036e-01 4.938352641470769577e-01 -1.845913197425066987e-01
-4.185923505041113102e-01 1.455180673518341683e+00 -5.370002316719983959e-01 8.053814111398946984e-01 -1.320213873611480793e+00 -1.561617484878935827e-02 -2.396108014775692185e-01
1.216614876857118777e+00 9.183336869239298872e-03 3.566459486504228171e-01 3.565486735847268052e-01 7.063587075723233577e-02 6.016393744146200095e-01 1.313975226098166305e-01
1.839542912427456711e+00 -4.769064863773585239e-02 2.531290836518618192e-01 -1.043901561272767564e-01 -3.577665567927639234e-01 1.772820234866973266e+00 5.828395414394493823e-01
-3.546927697838541116e-01 5.851877127002701462e-01 1.346471456586782800e+00 2.077789648289709301e-01 5.343289348471830236e-01 6.691493072982725998e-01 4.720449027633085159e-01
1.165817799533185539e+00 3.356716413045641167e-01 -1.985942742832238483e-01 1.183978800328258085e+00 4.655420499695148151e-01 -1.490283787752708922e-01 -3.723157947584604388e-01
3.667423324092062287e-01 8.860837638137695205e-01 1.316676740380567923e+00 -6.924936229742524318e-01 -1.221428129171194366e+00 1.044051860065315696e+00 -1.204256126469891580e-01
7.788525233785789093e-01 -8.645464376996692124e-01 -3.753915056934892941e-02 1.218476252786460989e+00 -3.160864819586317043e-01 1.507913718728534636e-01 6.349432120747995345e-01
-7.588791158686699623e-01 9.802817691200540508e-04 2.336320797532299487e+00 1.968208045191588873e+00 -7.056159800647079372e-01 -1.028026827442976909e+00 -9.585880885518918149e-01
-9.989125423006827154e-01 2.299327929592195063e-01 -5.180659452250013786e-01 -4.781076433940824322e-02 6.665597773467788478e-01 3.972515588706396761e-01 1.231809792474594989e+00
1.210354211025478577e+00 -1.689022401136716756e+00 3.126173153938858640e+00 1.500822567830508270e+00 -4.197669936235171040e-01 2.783573198038774010e-01 2.491830855323771410e-01
1.613404434262302400e+00 -1.733392231207724343e-01 4.847289231309578894e-01 -1.683961737931806368e+00 -1.851452375806812878e+00 3.572647966895192706e-01 -1.157406874042498313e+00
-7.807108619084083267e-01 -1.895255517922093569e+00 1.974280115897216747e-01 -1.630312023818429323e-01 1.475322105704617082e+00 1.679722396138027429e+00 -5.134921979570728628e-02
1.073628876198218091e-01 -1.110545427783057315e+00 -8.895483748646946243e-01 1.337468416541116811e+00 8.653010485948358088e-01 -1.233262985096374165e-02 -1.711199449253860472e+00
-4.287858316900589051e-01 -9.285953727872069408e-01 7.028972651543822225e-01 2.552289396090344775e-01 2.925053667625438503e-01 2.068061618302494131e-01 -2.649732569346959776e-01
1.406393520628452035e-02 -2.845034031376890926e+00 9.193649369362488777e-01 1.353993971372592642e-01 9.532696175353085888e-01 -2.205258490564339535e+00 2.267130890744954996e-01
-2.175958889469705171e-01 2.984887730956440888e-01 1.147029648433853799e+00 1.019216988874690893e-01 1.162418108618877177e+00 -1.933858983108499852e-01 -6.536269667326611854e-01
-1.055685290004586774e+00 -1.103526067990963755e+00 2.145617781170606087e+00 7.473589778762774749e-01 1.567945394151772698e+00 7.767007216808519132e-01 4.156539240062178675e-01
-4.983443681340301024e-01 -1.001815427778730977e-01 9.567637641126049974e-01 2.001104165180586758e+00 1.176707770511288054e+00 9.155593372860140189e-01 4.676738474583040373e-01
-1.526092039443142923e-01 -8.153907872028601789e-01 -2.654880240053955287e+00 -1.400473484933467461e+00 2.116873008255414579e+00 -7.293392783449254013e-01 -9.571403031790344240e-01
4.922236582732500421e-02 -7.071303128784635350e-02 -2.835322680454376854e-01 -1.174473462417706893e+00 7.009664373669296511e-01 1.154081385785612257e+00 7.139094364958699090e-01
-8.126400880028648022e-01 -1.134724776665730489e-01 2.219599468031582923e+00 1.037862864540586072e+00 5.847882372121043781e-01 8.948738988017730378e-01 -9.551695050010817756e-01
8.406206556834114885e-01 -1.236542877968644039e+00 -5.452399782812525908e-01 -1.105393221725813779e+00 -1.438585947438125512e+00 3.431594455115381526e-01 -8.089707101660343902e-01
2.105678829593919388e-01 -8.279152137405515477e-01 -2.974064276948209518e-01 -5.226066146750625308e-01 6.219490636178578447e-01 1.094738513577527862e-02 -1.738114634014024662e-01
7.714112125724058300e-02 5.283902607470869484e-01 3.671191518795427489e-01 1.968880430235341539e+00 -5.886177953198999946e-01 1.229513996119446340e+00 -1.984685267732485103e+00
-1.060107584088082699e+00 -6.234744994702507981e-01 -7.599097897233624277e-01 7.519626505625663926e-01 5.725782729577270080e-01 -6.804730631193617318e-01 -7.415827561551510128e-01
-5.680185464757455671e-01 1.610769010295232118e-01 -6.126507069496464064e-01 -1.477302241202477662e+00 -3.789690237222963498e-01 -1.791789283469251259e+00 1.857913830614217554e+00
1.556492331545226593e+00 8.534259369024566055e-01 -9.532542245645641010e-01 3.528192481520286972e-01 9.479974476334575018e-01 -1.217526851316196590e-01 -1.496624071618489316e+00
1.050602810090154993e+00 1.044434183904803248e+00 -6.430680741990189853e-02 4.313175308633518390e-01 -6.165644864272680215e-01 8.501948928950465723e-01 -2.160605242765663847e-01
1.496092933312238360e+00 2.547041638178847850e-02 3.789098691360285875e-01 1.841862025102683154e+00 -7.714107144722133214e-01 -5.546247419577600424e-02 1.733658243499210050e+00
5.606466499982636353e-01 -1.400902527398356634e-01 -2.766743632162478872e-01 2.197649264743930519e+00 3.479587846480704516e-01 1.213429647796754773e+00 -3.717079810257366279e-02
1.107971197984195799e-01 -9.006287125675035421e-01 8.211616796283318642e-01 -3.161940849722413294e+00 -2.028152599899276098e-01 -4.623076389743097647e-01 1.172401656835662997e+00
2.689322422280258085e-01 -1.386492296052616480e+00 3.604735381075755973e-01 4.489420937502144882e-01 -5.551466934246536145e-01 8.501366585748401095e-01 -8.024948736938514182e-01
6.512793416947978420e-01 1.057872957842434847e+00 9.236895646972663743e-01 -2.546827476685374902e-01 9.932880077243695371e-01 -1.747178278557574571e-01 1.594760972680355327e+00
1.330633017396351425e+00 -9.513286640174841713e-01 7.424266220882183021e-01 2.530726580538851245e-01 -5.429480329018209206e-01 2.617459036359623958e+00 -1.599559066052051781e+00
1.871332976615835086e+00 -1.930912694614403680e-01 -9.805107063747051654e-01 7.633921418378994406e-02 1.779166542415076546e-01 1.538032724331772405e+00 -6.483549485932207368e-01
7.075642219228174268e-01 1.015955870379975146e+00 2.104708853159299176e-01 -5.273850019862601490e-01 9.565921007118756147e-01 1.920809195050152823e-02 -2.826263467574164148e-03
-1.411222691371029292e+00 8.137575952008805347e-01 -9.997682005560379892e-01 6.146134370599416474e-01 -3.092556609291822745e-01 8.070125301284787334e-01 -1.297294227703277292e-01
1.704082249835209006e-01 -4.610341402010106338e-01 5.166870730040642457e-01 -7.251986494696215368e-01 1.971090661605904515e+00 -4.074179204987900260e-02 -2.058679520537091689e-01
7.057289928567809234e-01 -7.382940825058743606e-01 9.439060054121968524e-02 -1.965039695033738154e-01 6.737575169342291392e-01 -1.695669828632816234e+00 -1.304779893127448798e+00
1.251347771284877952e+00 1.981026995244298705e+00 -1.002229178996496932e-02 1.711446530941015620e+00 7.681732049646587679e-02 -2.841424806930956115e-01 -1.752488457569072455e+00
1.489484652431629641e+00 8.427127179626214826e-01 2.287358726850191870e-01 -2.609981390206866703e+00 -1.125150689986885055e+00 -3.498511896550858535e-02 -2.405448901944188256e-01
1.392607508508789116e-01 -2.361139451989286431e-01 3.218605492149933522e-01 -2.202608269621246784e+00 1.667604008416851080e+00 -1.122756361929843738e+00 -1.091309769544385633e+00
1.596784282679518885e+00 -1.075923953140939943e-01 6.838376759144962902e-01 -8.005371967576712100e-01 1.056811036871482257e+00 1.048073806102599148e+00 -1.805351595292919997e+00
-8.568811204818197469e-01 2.024297386452161174e+00 -8.246672174622301510e-01 1.075876851119616617e+00 5.091858074157846331e-02 3.839783863453885004e-01 -8.556778863187860518e-01
-4.309552233951583489e-01 4.089499892720870333e-01 3.378131507222307262e-01 1.083230929475048843e+00 -7.829711708358850775e-01 2.174121619450932741e+00 -9.600600676233858599e-02
6.594629151742081863e-01 -9.169324716760961502e-01 7.510741738066654127e-01 9.496433772905124582e-02 -1.221472023684623709e+00 -1.036388372846667405e+00 2.594906764496477392e-01
-1.963273934587695724e+00 -1.803323697405190273e-01 -1.699778249343359970e+00 -2.236937879772401772e+00 1.356792734823754953e+00 3.687240333956259830e-01 1.226129701611826800e-01
-8.698114409529944524e-01 -8.423266004144267516e-01 -1.059847821320624162e+00 -6.509796932732215824e-01 -6.072747048077256071e-01 -6.412113255319391580e-01 1.153267975252934008e+00
-5.265241618244813626e-01 2.434167159632338873e+00 3.101833347201247149e-01 4.821607775508057192e-01 6.455029240817016234e-01 1.322335110060626429e+00 1.199280865667701867e+00
1.248040711850478379e+00 -7.136136262972152533e-01 1.424492428381875231e-01 -1.077604947578813421e+00 -2.004589358172990554e+00 1.356559264780900609e+00 9.720346601848890433e-01
1.292562144390648760e+00 -7.327861756367849422e-01 2.671246902530367562e-01 1.474209463108641538e+00 -6.730678427826979338e-01 7.255556486768296454e-01 3.186824359332183776e-01
6.920487114010986929e-01 -1.056585447813444434e+00 8.654997388498085753e-01 1.490768580293623524e-02 2.300641473541519821e-01 8.410875288337525679e-03 6.638816696418244900e-01
-2.556285401238448940e-01 -4.871873294188768244e-01 5.816614680782131730e-01 -1.324853425844469412e-01 8.266174384431851374e-01 2.935074595283236332e-01 -7.741949968655007508e-01
-7.550078548480632090e-01 3.273124148246464027e-01 -7.642465156492417311e-01 1.026041257193632594e+00 1.343099249911633208e+00 8.617896620579268419e-01 1.278405262167555456e+00
4.105677697491185163e-01 -1.248132836617970920e+00 1.338780815737334873e+00 -1.584945125392128451e-01 4.163697817967505072e-02 -3.124872927243663168e-01 7.023963128580466009e-01
2.990210890931373489e-01 -5.108639784819282159e-01 -3.507233888871029048e+00 2.051404371384944358e+00 -1.047190786826172948e+00 2.186430857133715655e+00 -7.639860359687275504e-02
1.142726761826071552e-01 -1.296275502236432065e+00 -5.069851548936376018e-01 -1.309114212617946693e+00 -8.492126721026306280e-01 8.623151900881448340e-01 4.645848518453870035e-01
4.613208946751178735e-02 1.849239886888855988e-01 1.940738123516783098e+00 -3.340999244194102769e-01 -3.977536717471360367e-02 3.854638119677110120e-01 -1.224359934578200360e+00
3.506067353600449410e-01 2.307391554536549094e+00 1.445136112084554725e+00 3.759303379387170414e-03 1.104122699095627214e+00 2.833856390232968314e-01 -1.281431574881263025e+00
-4.662227131274964131e-01 -9.367148336368089079e-02 -1.785595508513806218e+00 -1.942412296960073781e-01 5.748823998214960262e-01 1.240013642163246832e-01 -2.626001662115154400e-01
-1.169332507763977125e+00 2.180865780602876836e+00 -6.678978187822688373e-01 4.894079937052233098e-01 3.914221190691311580e-01 -9.102051747846569008e-01 -4.182607042337332937e-01
-6.379929259733289060e-01 -1.523113374507038431e+00 9.488492663818808293e-01 1.680294542083137221e+00 -8.702912634361245070e-01 -9.801990554584572024e-01 -8.611452718656054106e-01
7.831681852201366478e-01 6.066127592502622984e-02 -3.329155226911214571e-01 8.050361126601028594e-02 -3.986928449759547521e-01 -6.531856968920012052e-02 -9.527440695850744046e-01
4.157649211381808096e-01 2.055306245203135096e-01 4.739243887552591628e-01 4.472213395464369468e-01 -3.345463082626134455e-01 2.251922759308642441e-01 6.379679314867994222e-01
1.000050394555304534e+00 -3.031776855909205926e-02 1.530410180510898055e+00 -9.450272932367238532e-01 -9.544351008065926623e-01 -4.727062288364282661e-01 1.262362048291547856e+00
1.614908177811976431e-01 2.040797502440228950e+00 5.021757466110232659e-01 -3.139528873933820630e-01 -3.083832402870744227e-01 -2.531247247623015229e-01 1.824236776550925088e+00
3.815620069231338563e-01 1.419585067878847529e+00 1.298904918875152026e+00 5.753421258362704377e-03 4.852413280899463000e-01 -7.769710000884554324e-01 -5.980261497904463264e-01
-3.112035166076034254e-01 -8.447814138613848334e-01 -6.232604124072991386e-02 1.513273478625424273e-01 5.900262737990897843e-01 -3.983276920355066641e-01 1.280258766043512964e+00
