1.686978774544290718e+04 1.537347563510801592e+04
2.335595704233854121e+04 2.083651435851614588e+04
2.927569529588467776e+04 2.546774844855834090e+04
3.632013735900421307e+04 3.227333248847267532e+04
3.331897398535400862e+04 2.911385757458979788e+04
2.251771305046696580e+04 2.015107587076576965e+04
3.011221345530560211e+04 2.685881424910677379e+04
2.085996472247502606e+04 1.846356990047269210e+04
1.472713602147079655e+04 1.296203793018093529e+04
1.503553343338539526e+04 1.285439506733189774e+04
2.472203005916838447e+04 2.224902662426908500e+04
2.120990811989021677e+04 1.856113821253708738e+04
2.243832535112737605e+04 1.983656383377289603e+04
2.937618459451299714e+04 2.722854556105666052e+04
2.224485219315506765e+04 1.992911796219964162e+04
2.686588779165627420e+04 2.516024061389876806e+04
2.622133747263206897e+04 2.225096448023589255e+04
1.746054876490539027e+04 1.483935131588124568e+04
1.901093623284030764e+04 1.628787653256514386e+04
2.510254521077001118e+04 2.183481077743186324e+04
1.609897575769664400e+04 1.391399392431211527e+04
2.905135000982840938e+04 2.605504864939370964e+04
2.116902987964292697e+04 1.816056068876681820e+04
2.267633745584804274e+04 2.047257411330750620e+04
2.614346264749180045e+04 2.366126106802457070e+04
2.166224599968987968e+04 2.002557978044422634e+04
1.798402191639163721e+04 1.538112380083347671e+04
2.505570616928247546e+04 2.258914031416441867e+04
2.885762648616507795e+04 2.537581964662891914e+04
2.836876974042768779e+04 2.538146427391276666e+04
2.075266598439954396e+04 1.698461299791808779e+04
3.396043264905326942e+04 2.820919912835993455e+04
2.230547822902748521e+04 1.929464749117719475e+04
1.696815829708973251e+04 1.516594053988863379e+04
2.572012820768790698e+04 2.225631269966996479e+04
3.018834798093670906e+04 2.616457516570243024e+04
2.121519351031588303e+04 1.812787153049154222e+04
2.132183792271037601e+04 1.881763754099772996e+04
3.820190160708776239e+04 3.482175709294574335e+04
2.034549743181479789e+04 1.854151121983467237e+04
2.359593291524696906e+04 1.984917942292844600e+04
2.686397635023538533e+04 2.343444008590931844e+04
3.322269896571445133e+04 2.896880660130493925e+04
2.337879162567979802e+04 2.000773194004614561e+04
3.763152589778237598e+04 3.212087033922704359e+04
2.349094821860944285e+04 2.093688509816414080e+04
2.702736331641025754e+04 2.394182112600529217e+04
3.122958835513499798e+04 2.767840306028930354e+04
2.723303835428028106e+04 2.398854069816535775e+04
1.864213865068925224e+04 1.583428877255482257e+04
2.214344517324552726e+04 1.891819016705724789e+04
2.732105057862521062e+04 2.447398972144641084e+04
2.686797711641339265e+04 2.300811685897958523e+04
1.933295489546830140e+04 1.592341674934779076e+04
2.818138108601792192e+04 2.437039242264015411e+04
2.826831233918385988e+04 2.511615601030120160e+04
2.902501333444146803e+04 2.528923088506770728e+04
1.519638059876086299e+04 1.312432362756672046e+04
2.905873439567109017e+04 2.577281251555991548e+04
2.546655768221109611e+04 2.330852326463109785e+04
2.558486240806748538e+04 2.201634912721478395e+04
1.813809824915121135e+04 1.557037573008326945e+04
2.169451889068487435e+04 1.727340022146753108e+04
2.348345755088399164e+04 2.130229888890318762e+04
1.302377012703253240e+04 1.140091860780704155e+04
2.536044660282894256e+04 2.223558819930004393e+04
3.227353354977028357e+04 2.776662980888299717e+04
2.082318973602525512e+04 1.817951073201957115e+04
3.546588077614119538e+04 3.051909275012523722e+04
2.295962636564421700e+04 1.960078094045239050e+04
2.269214274028784348e+04 1.953532374082388560e+04
2.889163117719425645e+04 2.557685447588817624e+04
2.306554471045178798e+04 1.990887610961220344e+04
2.949852397135959109e+04 2.747106832546399164e+04
2.008241418131165483e+04 1.783577656228807609e+04
2.591609058627212289e+04 2.237649568262837056e+04
1.712810999345884557e+04 1.526797693414241621e+04
2.346933335167994301e+04 2.118823266629314094e+04
3.063527077742444817e+04 2.716042692290027480e+04
3.028336044304761526e+04 2.711357751036187619e+04
2.968526939253740056e+04 2.675198390936716896e+04
2.358367649479176180e+04 2.102052843789663166e+04
2.153440363533666823e+04 1.917440450485366091e+04
2.390570735214425440e+04 2.105714131701313090e+04
2.111028199274062717e+04 1.871388213392346734e+04
2.207859949786526340e+04 1.880600349151143382e+04
2.368235304106623153e+04 2.048953226971851473e+04
2.083406961093249993e+04 1.852255818049843219e+04
2.678575338045299941e+04 2.361013483413616632e+04
1.545569792645725829e+04 1.317666061253745465e+04
2.747509751013254208e+04 2.408155491254826484e+04
2.161598628365572586e+04 1.887076431582937948e+04
2.003393365003867075e+04 1.707925649002533464e+04
2.489226253791834461e+04 2.132352777262879681e+04
2.105533931868213767e+04 1.770531336402399756e+04
1.741822641442389795e+04 1.474556948970558551e+04
1.426030822830771103e+04 1.251326237231097184e+04
2.036877426675430252e+04 1.787355576084799395e+04
3.025282806312998218e+04 2.673261428311657437e+04
3.141811862568151264e+04 2.714190285874873007e+04
1.986657983120058270e+04 1.619066450855511903e+04
2.112204191535557766e+04 1.857795159563103516e+04
3.386742214288555260e+04 2.919696273010046207e+04
1.726275097048968018e+04 1.529100830710726768e+04
2.008411692512923400e+04 1.825493703350709620e+04
2.941199194874092791e+04 2.581156903193784819e+04
1.945870909025719084e+04 1.718270926916571625e+04
1.466143472371447206e+04 1.358396685618045376e+04
2.222049642379346551e+04 2.045536927299329909e+04
2.837488462891527888e+04 2.501374740325198218e+04
2.287906332777530770e+04 2.073658839713328780e+04
3.432139858050778275e+04 3.026073523637693143e+04
1.704790288159441116e+04 1.522403363679006725e+04
1.624584197708176725e+04 1.392104128971182581e+04
4.014356817547135870e+04 3.475816570879916981e+04
2.427790598136396875e+04 2.064243528676962524e+04
1.515684733650544877e+04 1.431986424590539718e+04
2.227615613817063786e+04 1.966716476638911627e+04
1.805387376547906752e+04 1.590023163584279428e+04
2.972722262334540210e+04 2.527701862627352966e+04
2.438885716203998891e+04 2.102516754895438135e+04
2.158961236260915757e+04 1.904556532565200177e+04
2.669306321849622327e+04 2.259761210891235532e+04
2.343630031553539447e+04 2.079893918898694028e+04
1.960425860274366642e+04 1.647901763865601242e+04
1.661254553002711327e+04 1.398439346393513915e+04
1.533948789818847945e+04 1.327951210374730363e+04
1.337292508662952059e+04 1.248071087850292679e+04
3.228320157226446827e+04 2.810561461040283393e+04
2.024535959522145276e+04 1.803149147617960989e+04
2.397662409707812913e+04 2.063006979039592989e+04
1.130495380770290467e+04 1.057531127270195429e+04
2.919798702010913257e+04 2.472833490537067701e+04
1.656622256347261646e+04 1.431630855476894794e+04
2.262422960077233438e+04 1.932366165272450598e+04
2.055185416604209240e+04 1.868417181819543839e+04
2.028309441268477894e+04 1.821964188063681650e+04
2.908914987159692464e+04 2.657963202465039649e+04
1.745125294083030894e+04 1.577182422146850149e+04
1.985021901298505691e+04 1.728492539726689211e+04
3.218515479499987487e+04 2.901096438443022998e+04
3.643438765042686282e+04 3.152155315103876273e+04
2.055153252082845211e+04 1.784592099932393830e+04
1.100208658192988514e+04 1.006511546218609328e+04
1.863455317555492365e+04 1.640980262297247464e+04
2.005053914514338612e+04 1.743948194671583042e+04
1.499264095765573620e+04 1.354879089522471259e+04
3.110014817374759514e+04 2.701653791131738035e+04
1.996031574034837467e+04 1.793609123237007952e+04
1.724354793058292125e+04 1.407105176263636531e+04
1.838712873681091878e+04 1.622517173668963005e+04
2.280267075259229387e+04 1.981554393278827047e+04
2.423195299562135915e+04 2.027587882265524968e+04
1.986763202196518614e+04 1.722857062547797977e+04
2.528648974840315714e+04 2.232108323313292203e+04
1.988801803904413828e+04 1.734581860212472384e+04
3.054375482681823996e+04 2.683517299474834363e+04
2.705584492631438843e+04 2.411872942096076804e+04
2.370539137640727495e+04 2.043596904909153454e+04
2.615677691733526808e+04 2.319702624107554584e+04
2.205377250548769371e+04 2.007196775997655641e+04
1.745389033408891555e+04 1.520272394184488985e+04
3.177398690096210339e+04 2.947215355407441893e+04
2.865716280345133055e+04 2.578633967715137987e+04
2.474552854086951265e+04 2.142653160705875052e+04
2.420195484642281735e+04 2.280851313127554386e+04
2.147378518787484427e+04 1.887821113697865439e+04
1.980320987467936357e+04 1.697431262561243057e+04
1.825409762766208587e+04 1.573661933261320701e+04
2.676729682898101601e+04 2.382348705631300254e+04
2.258453033974842401e+04 1.926800836253258603e+04
2.103990497862348275e+04 1.882014071517793127e+04
2.355562141607699959e+04 2.114460115631910958e+04
1.609192554889889107e+04 1.429618622866328951e+04
2.314106283813924892e+04 2.062420467708286742e+04
2.802313795077572649e+04 2.480289662228239467e+04
1.600907251246998021e+04 1.497098303910397954e+04
2.536199109601772216e+04 2.168165611638619157e+04
1.858153414564384366e+04 1.613695998776932902e+04
3.845149504841713497e+04 3.456401039072211279e+04
2.575695563858748937e+04 2.211776083525304057e+04
1.980223540602011053e+04 1.736015656101978311e+04
1.687387685414929365e+04 1.557374042594205639e+04
2.107809384908767970e+04 1.841072453780378783e+04
3.531155347218753741e+04 2.996312736825924731e+04
1.780712005768316521e+04 1.637163566270950832e+04
1.876893527993619864e+04 1.645588689439890732e+04
1.366581318712303073e+04 1.163479817236428789e+04
2.834615976394735480e+04 2.500600574688690904e+04
2.529226296233233006e+04 2.214878729817989733e+04
2.664925597290829319e+04 2.336194154662434812e+04
3.015929176284668574e+04 2.587324675720728919e+04
3.387923916815027769e+04 3.008449570729519837e+04
2.071674482790723778e+04 1.764764412625614204e+04
2.200633909843705260e+04 1.986377023031099452e+04
1.714615249920828137e+04 1.407142764888893362e+04
3.104066836929425335e+04 2.740391326747053608e+04
1.999215244041593905e+04 1.760983826511069492e+04
2.539350920657868483e+04 2.225187050483350686e+04
2.417108051740812880e+04 2.105089812607083877e+04
1.523581753675326581e+04 1.366875447391354828e+04
1.274678571398630993e+04 1.111537492380093863e+04
2.296495004747019266e+04 2.022151340450218413e+04
2.541953161284910311e+04 2.226919514536257338e+04
1.997481615275946024e+04 1.836231981102065765e+04
2.788337436880323730e+04 2.570687081607809159e+04
2.394422571581618831e+04 2.091331526590173235e+04
1.200531695727825172e+04 1.014626584105288748e+04
2.166842995038273875e+04 1.922751348856853292e+04
3.068004043978414120e+04 2.690329474110837327e+04
2.234796772394626532e+04 1.854117882398797155e+04
2.371193021127587417e+04 2.080661311714211843e+04
2.986309692493321199e+04 2.458828515336828423e+04
2.004577813491146662e+04 1.704647349571935047e+04
2.177663327551912880e+04 1.943223823659280242e+04
2.939161593476663620e+04 2.641829090287266081e+04
2.974645183188145529e+04 2.717134663162460856e+04
2.282347774269311412e+04 2.000512431899227522e+04
1.783028298729671951e+04 1.478590862872194339e+04
2.498981135189245833e+04 2.224396673162473235e+04
2.322992196106120173e+04 2.026480813695573670e+04
2.909395696566639162e+04 2.493447837015142431e+04
3.007784810860295329e+04 2.590179482295580237e+04
1.764185950469632371e+04 1.638571758144452906e+04
2.227130939179515553e+04 1.867263143703318201e+04
1.889369103164263288e+04 1.608292016366817188e+04
2.914956293766280942e+04 2.470501708555371442e+04
3.202383827977388501e+04 2.788394488995906795e+04
2.915342701523190772e+04 2.615043563231730150e+04
2.538446834999031853e+04 2.237470509612674505e+04
2.288242425631711740e+04 2.042194354647862565e+04
2.300878695682424950e+04 1.973340468425969448e+04
2.760012191774780877e+04 2.462490652603089984e+04
3.152264106961008292e+04 2.645109677137499239e+04
1.532101825390377962e+04 1.340764968391490038e+04
3.406230164934456843e+04 2.994315369437885238e+04
1.613526171656689985e+04 1.358689399143851006e+04
2.059813571031244282e+04 1.836946587933068440e+04
2.608139892260720080e+04 2.397891574368332658e+04
1.536171759574606222e+04 1.331058718608824893e+04
2.340522979988834049e+04 2.023100863747056064e+04
3.112764289311403991e+04 2.817913743020104812e+04
2.860365412808173642e+04 2.475942534751979838e+04
3.093245008939932814e+04 2.726853343337031401e+04
1.171533735134897506e+04 1.105560455154386364e+04
2.827268945267363597e+04 2.388065497770451111e+04
1.302580099458269433e+04 1.126742185349270403e+04
2.128874672660150463e+04 1.874674295218292173e+04
2.219966826631186632e+04 1.924466405400970689e+04
1.672727907830094045e+04 1.406392893510864269e+04
2.873152091123219725e+04 2.552372825603863384e+04
1.857000143731207936e+04 1.747770475735677246e+04
3.051195719016485236e+04 2.572424874289496802e+04
3.124216827787987131e+04 2.752765784513995459e+04
1.848929533228342916e+04 1.585400533886089943e+04
2.190988624749317387e+04 2.030943321487530557e+04
2.222231402303682626e+04 1.930362300535372560e+04
9.196261741948615963e+03 8.149855346208638366e+03
2.199576154823002071e+04 1.862638024412455343e+04
2.493197797999193426e+04 2.169484558918953553e+04
2.012325835222705427e+04 1.698899354620182567e+04
2.011635058967915029e+04 1.804661670734432482e+04
2.930749161822595124e+04 2.640243815973963865e+04
2.288565821176957252e+04 2.029528751372799161e+04
2.633048426145057965e+04 2.365434025490404019e+04
3.604152670437764027e+04 3.124201778930216096e+04
2.359290882198996042e+04 2.043562072911467476e+04
2.823923202439192391e+04 2.493636897320247226e+04
2.496584174334058844e+04 2.094583808450705328e+04
3.656089744864292152e+04 3.250350055725438142e+04
2.104700746659106881e+04 1.776877329676750014e+04
3.202303831314316631e+04 2.823431212852184399e+04
2.027004685802621316e+04 1.730575579294184354e+04
2.755143330098814477e+04 2.431557594809082002e+04
1.753552054333409615e+04 1.610378578213263427e+04
2.534531945356825599e+04 2.210678296819701791e+04
2.538412471850266229e+04 2.173787530967526618e+04
1.798870212956587420e+04 1.560412499183993896e+04
2.508397569299308452e+04 2.205709033637416724e+04
2.679954470751486588e+04 2.304271108284580623e+04
4.584249585578202095e+04 4.005507780965465645e+04
2.269591423630180725e+04 2.012423296121098247e+04
2.536814243877064291e+04 2.255987405859129649e+04
1.427450564624487924e+04 1.224449363730285586e+04
2.279426154164980471e+04 1.986290186207464649e+04
1.962285237541057359e+04 1.673395034983293226e+04
1.173161845125351101e+04 1.059722187565546665e+04
2.984584896763006691e+04 2.531118679739320214e+04
2.157806366058771891e+04 1.972594131733787071e+04
4.053304912609380699e+04 3.551740343380448030e+04
1.713694128537092183e+04 1.448380677359098263e+04
2.584224131400428087e+04 2.274996602752183026e+04
1.897018528811623401e+04 1.619514867025034255e+04
2.492247315438326768e+04 2.222655553209606660e+04
3.002587181483404856e+04 2.514715074268265016e+04
2.788022495744007756e+04 2.498478417168808664e+04
2.769652510605035059e+04 2.340682940825000333e+04
2.075463311085916212e+04 1.822670535407607895e+04
2.239771121178060639e+04 1.941963786612414697e+04
2.168931358546922638e+04 1.942379886137615176e+04
1.989654484963005598e+04 1.641949638203031645e+04
2.258431660981457026e+04 2.020372108284864225e+04
2.731350505107951176e+04 2.416190873811808706e+04
2.399279855520515048e+04 2.077791642030766161e+04
2.994294797850378382e+04 2.625250638924982559e+04
2.720941446236432239e+04 2.376272997860659962e+04
2.192589346230072260e+04 1.948717674110456210e+04
2.242644508395764569e+04 2.078112095273389423e+04
2.218277241865466203e+04 2.000242002338016391e+04
2.641624396437494943e+04 2.248407977691103952e+04
2.452905254296401108e+04 2.122577813457655793e+04
2.220426242690032086e+04 1.889533542742764985e+04
1.984719900969133232e+04 1.663177655858772414e+04
2.085124475316057578e+04 1.799095522724675902e+04
3.126765066542412751e+04 2.661509844292388516e+04
2.756857190114145487e+04 2.471206401256260506e+04
2.004265757938569368e+04 1.877017236940043949e+04
1.387830065550852123e+04 1.231576872252577778e+04
1.428440866522450960e+04 1.354293064879212397e+04
3.174828536480045659e+04 2.818035717371511419e+04
3.592451637413386925e+04 3.205476836723645465e+04
1.422928597815263311e+04 1.191175703791840351e+04
2.858725601413994809e+04 2.494979775174823226e+04
1.998573814583005878e+04 1.779564167254465428e+04
2.806674095677628429e+04 2.505582952578214827e+04
3.019365437673837005e+04 2.676777072703621525e+04
2.279187590400736008e+04 2.023824339926271568e+04
2.247275579636441034e+04 2.077359661279425563e+04
2.092992711287112252e+04 1.811098907809588854e+04
1.199933735171200533e+04 1.137961844151019977e+04
2.615327352310859351e+04 2.309251431384444004e+04
3.299386758570520760e+04 2.943489817984950423e+04
1.934260892359934951e+04 1.760781253932090840e+04
2.157539810978112291e+04 2.034940055322934495e+04
4.595066573684605100e+04 4.000990666371225961e+04
2.253680168161509937e+04 1.932202973027492408e+04
2.170209887068821263e+04 1.978245785993997197e+04
2.259466702403476302e+04 2.043040661621704203e+04
2.783224306673345200e+04 2.331974933058528404e+04
3.248872575876279006e+04 2.843719120314517932e+04
2.893682606033836055e+04 2.476852937462693444e+04
2.079474468280068686e+04 1.801651779215267015e+04
2.606146256112835181e+04 2.311894546728370551e+04
2.141718822979957622e+04 1.759775153809550829e+04
2.301153840867805775e+04 1.999011450850986876e+04
2.509855180853969068e+04 2.256390802041927964e+04
2.749281496862002314e+04 2.478045248927300054e+04
2.746052246998679402e+04 2.392120329545323330e+04
2.228829102744680131e+04 1.874891592904697973e+04
3.394046734417381231e+04 3.055498364302341724e+04
3.311764271146674582e+04 2.912071313939019092e+04
2.596212650083073459e+04 2.273544480471035422e+04
1.936379947448615712e+04 1.709642310055367852e+04
2.684888768272910602e+04 2.464429140015980738e+04
2.198089355688051000e+04 1.873110875416861018e+04
1.919087616051987061e+04 1.696963049617525030e+04
1.640072218602277644e+04 1.379913348693532680e+04
2.604107846395661909e+04 2.386561085476203516e+04
1.882922683376667555e+04 1.822309895691107522e+04
2.534062099156531622e+04 2.130064644863426292e+04
2.343381784498027992e+04 2.053588521323310124e+04
1.545011404462331302e+04 1.359014425218711949e+04
1.407883131135362419e+04 1.370860319571036598e+04
2.213050304075932218e+04 1.986039838565678656e+04
1.755436082671357508e+04 1.442872899268276706e+04
2.019242299154882494e+04 1.756403136580161663e+04
1.892220362312163343e+04 1.724571032520374501e+04
1.782010591714443217e+04 1.476706245678644700e+04
1.942853180934975535e+04 1.712296676516330990e+04
1.808115416872173228e+04 1.603400557884066620e+04
1.551089562218596802e+04 1.383889002104651263e+04
1.751817129620756896e+04 1.530726005406783224e+04
1.255632608430008440e+04 1.102108795954934430e+04
3.187143395780912397e+04 2.799670026453777973e+04
1.690815785972829326e+04 1.477912903641486810e+04
1.341272162190454765e+04 1.170592494852709387e+04
2.211359132980623690e+04 1.870275592636395959e+04
2.122011139410431133e+04 1.841054150033689075e+04
2.875669890785624011e+04 2.500719543309772416e+04
2.180620277406088644e+04 2.027111684037414670e+04
2.398507367745766169e+04 2.213535757480470420e+04
2.753290733209698374e+04 2.351845737944674329e+04
3.050211869752068014e+04 2.659550922156514207e+04
3.919783212678080599e+04 3.459213727836508042e+04
2.480913571353180669e+04 2.224844365094334717e+04
1.383118366184320439e+04 1.193461117344277045e+04
3.312054883999742015e+04 2.844566786859949570e+04
1.790771542796091308e+04 1.537345269872310018e+04
3.242801447764721161e+04 2.776106446450935255e+04
2.565780472263240154e+04 2.359933856743008437e+04
3.199629783542111909e+04 2.852608057674665179e+04
1.723029280288780501e+04 1.536025878237044162e+04
2.818168288710916386e+04 2.576154108636329329e+04
2.397109082554147608e+04 2.078101143873335968e+04
2.524308627422619975e+04 2.239185236315420116e+04
2.464187767923970750e+04 2.223991697271561134e+04
3.157739982283611971e+04 2.675695637439439088e+04
3.098643065272723834e+04 2.777776708558777682e+04
1.101478349344479284e+04 1.000734442133670018e+04
2.910572302238014890e+04 2.466458700144700560e+04
2.487294379849147663e+04 2.199918040989476867e+04
2.117366852814835511e+04 1.857439552571582317e+04
2.057604595868005708e+04 1.850873604757887733e+04
2.336624615657809045e+04 2.023376980420352993e+04
2.766921889297165035e+04 2.384943357582975295e+04
2.583359429791200819e+04 2.225641121982452751e+04
1.376643209973495686e+04 1.222458598796698607e+04
2.309526061308714634e+04 1.997280429699868546e+04
2.340701455562210322e+04 2.126353224667779068e+04
2.633323689531616765e+04 2.342723618610656922e+04
1.801462764998789135e+04 1.528796433637383416e+04
3.264093072984215178e+04 2.887533821013792112e+04
2.340005656605254262e+04 2.037586988833040959e+04
3.157046257769852673e+04 2.819086619838547631e+04
1.414692859759168823e+04 1.224220515393965979e+04
2.375985105709320487e+04 2.055535220798609953e+04
3.241118500920059159e+04 2.917555310625898346e+04
2.452341943335855831e+04 2.152811390729810591e+04
2.472081141707900315e+04 2.225166711485061751e+04
2.461044449893319688e+04 2.290742809999213205e+04
2.996152586747760506e+04 2.674414931676555716e+04
2.106241974233838482e+04 1.864134579620409204e+04
2.343040524265682689e+04 2.045488131013808743e+04
2.215557231558699641e+04 1.963859074652173513e+04
2.460336791889775850e+04 2.231602545761060537e+04
1.651293207320895090e+04 1.409847858941414233e+04
2.616976312562046587e+04 2.288532168373349487e+04
1.736325165320328597e+04 1.458262111349006409e+04
3.624296063528987725e+04 3.146856807688104527e+04
2.607618035778732155e+04 2.354426973164768788e+04
2.067990608232048908e+04 1.882057010929207536e+04
2.402233881816743087e+04 2.068298576474426227e+04
2.264339284376960859e+04 2.044287268005514488e+04
3.016419483965119798e+04 2.592469887774957169e+04
3.325910588791019836e+04 2.792093966331590491e+04
3.207638532630396003e+04 2.852960466514075961e+04
2.933525065117963459e+04 2.564005023832546431e+04
2.701150330830749954e+04 2.358188727971043045e+04
2.723844797424828357e+04 2.326149345521058785e+04
2.514598315162958170e+04 2.281071180574997197e+04
2.611200695639882906e+04 2.325008576111592629e+04
3.393011525674632139e+04 2.874164284369895176e+04
1.830404657137682807e+04 1.526050998041376806e+04
2.517680009865976172e+04 2.140086162844541104e+04
2.065040250629240836e+04 1.787868062149551406e+04
2.336787765916085118e+04 2.035027387521327182e+04
1.813606672607994551e+04 1.553791708362226746e+04
2.759815716960691861e+04 2.471554932520463262e+04
3.246965491515142639e+04 2.860009201671693882e+04
3.603892640490937629e+04 3.190360543075955502e+04
1.498951774727434713e+04 1.308470842807555528e+04
2.649234062086498670e+04 2.287848600741446353e+04
3.036743719433384467e+04 2.702393777195299117e+04
1.554973367398357732e+04 1.279831954866659726e+04
2.174375628476044949e+04 1.873082055115390176e+04
2.686535158262722325e+04 2.364589058751344055e+04
1.839024417627384901e+04 1.645702445246794377e+04
1.797098496867943322e+04 1.612071168288155604e+04
2.626919604519590212e+04 2.301467537174074823e+04
2.925051869289275419e+04 2.547352163777001988e+04
3.495624510137381003e+04 3.009633828388456095e+04
3.298328264544016565e+04 2.854109210429953964e+04
1.847671497540343262e+04 1.576910813460164536e+04
2.177740602857762860e+04 1.836295472363368754e+04
3.584881671392496355e+04 3.184443352885784407e+04
2.777380298709355702e+04 2.295641603729421695e+04
2.798435108901821513e+04 2.342938035408898213e+04
2.943494762524793259e+04 2.608739022364106495e+04
2.218683040312585945e+04 2.000133514013277818e+04
2.695248780697016264e+04 2.363359675627071556e+04
1.855765926509454948e+04 1.626818963644196629e+04
3.029277251236293887e+04 2.726010425991531883e+04
2.044071538345608496e+04 1.752983386284916196e+04
1.873305190260873496e+04 1.662679828558920053e+04
2.767015508320226945e+04 2.360349477260824278e+04
2.567379978946147821e+04 2.361340766643727329e+04
2.976612788729395834e+04 2.592041067392508194e+04
2.044299196942516937e+04 1.754443393888249557e+04
1.559616753008406340e+04 1.400087372005705038e+04
1.656650403263586486e+04 1.444529350700682153e+04
3.858378509468314587e+04 3.499179153686007339e+04
2.332464264256325623e+04 1.918679840788025467e+04
2.980618980789016132e+04 2.522019559220067094e+04
2.709202990388040052e+04 2.315682449930764778e+04
2.391842173858561000e+04 2.096826385674498306e+04
3.199095216017162238e+04 2.842302982549655644e+04
2.555395990698699825e+04 2.191389377350356517e+04
2.213394754994071627e+04 1.849365753326266713e+04
1.846140727345392952e+04 1.536684527873334810e+04
2.570174674702358243e+04 2.266539646804521544e+04
3.388104824670232483e+04 3.088965764968666190e+04
1.936179728964409151e+04 1.702667575774776196e+04
2.329549339418272211e+04 2.192900953158722405e+04
1.866135312464046729e+04 1.633925358710276305e+04
2.170781822704058868e+04 1.881589371380879675e+04
2.842656211649233956e+04 2.482134045400415926e+04
2.680098953646246810e+04 2.313712319158608807e+04
3.245006606795827611e+04 2.928464841507857636e+04
2.875042066212497593e+04 2.605643548933604689e+04
2.485250709206537067e+04 2.169743711480245838e+04
